SurveyPointId,Easting,Northing,AtBlckGlz,Balearic,CamBlckGlzA,CamBlckGlzB,CmedPuAm,EbBlckGlz,EbPuAm,EbPuCom,GrItAm,IbAm,IbCom,ItAm,ItCom,MasAm,PuAm,PuCom,SoItVesCaAm,Biclst,dbscan
02001d-77-012,531989.73,4385614.15,0.0,0.0,0.0,0.0,0.0,0.0,38.5,0.0,0.0,0.0,0.0,0.0,0.0,0.0,0.0,0.0,0.0,0,-1
02001d-80-008,531872.15,4385569.72,0.0,0.0,0.0,0.0,0.0,0.0,6.5,0.0,0.0,0.0,0.0,0.0,0.0,0.0,0.0,0.0,0.0,0,-1
02001d-82-024,532116.88,4385546.76,0.0,0.0,0.0,0.0,0.0,0.0,0.0,0.0,0.0,0.0,0.0,0.0,0.0,0.0,0.0,0.0,12.0,0,-1
021540-83-107,532127.62,4385358.91,0.0,8.4,0.0,0.0,0.0,0.0,0.0,0.0,0.0,0.0,0.0,0.0,0.0,0.0,0.0,0.0,0.0,2,-1
021540-84-208,532164.35,4385338.75,0.0,0.0,0.0,0.0,0.0,0.0,9.2,0.0,0.0,0.0,0.0,0.0,0.0,0.0,0.0,0.0,0.0,0,-1
021540-85-408,532151.02,4385346.02,0.0,0.0,0.0,0.0,0.0,0.0,36.1,0.0,0.0,0.0,0.0,0.0,0.0,0.0,0.0,0.0,0.0,0,-1
03039b-14-311,532676.3,4385941.44,0.0,4.3,0.0,0.0,0.0,0.0,0.0,0.0,0.0,0.0,0.0,0.0,0.0,0.0,0.0,0.0,0.0,2,-1
03039b-14-312,532663.24,4385944.05,0.0,16.200000000000003,0.0,0.0,0.0,0.0,0.0,3.0,0.0,0.0,0.0,0.0,0.0,0.0,0.0,0.0,0.0,2,-1
03039b-44-318,532729.52,4385777.52,0.0,0.0,0.0,0.0,0.0,0.0,0.0,0.0,0.0,0.0,0.0,0.0,0.0,0.0,0.0,0.0,8.64,0,-1
041440-71-403,531345.63,4386335.24,0.0,0.0,0.0,0.0,0.0,0.0,15.2,0.0,0.0,0.0,0.0,0.0,0.0,0.0,0.0,0.0,0.0,0,-1
041440-80-305,531384.27,4386331.07,0.0,7.2,0.0,0.0,0.0,0.0,0.0,0.0,0.0,0.0,0.0,0.0,0.0,0.0,0.0,0.0,0.0,2,-1
041440-84-309,531323.61,4386262.79,0.0,0.0,0.0,0.0,0.0,0.0,12.9,0.0,0.0,0.0,0.0,0.0,0.0,0.0,0.0,0.0,0.0,0,-1
04405b-13-006,532277.88,4386434.09,0.0,19.4,0.0,0.0,0.0,0.0,0.0,0.0,0.0,0.0,0.0,0.0,0.0,0.0,0.0,0.0,0.0,2,0
04406a-37-001,532300.96,4386413.99,0.0,0.0,0.0,0.0,0.0,0.0,0.0,8.71,0.0,0.0,0.0,0.0,0.0,0.0,0.0,0.0,0.0,3,0
044080-13-201,532257.19,4386432.45,0.0,98.0,0.0,0.0,0.0,0.0,94.4,0.0,0.0,0.0,0.0,0.0,0.0,0.0,0.0,0.0,0.0,1,0
044080-13-202,532250.96,4386434.92,0.0,123.6,0.0,0.0,0.0,0.0,0.0,61.2,0.0,0.0,0.0,0.0,0.0,0.0,0.0,0.0,0.0,2,0
044080-14-302,532238.66,4386412.62,0.0,61.5,0.0,0.0,0.0,0.0,0.0,130.00000000000003,0.0,0.0,0.0,0.0,0.0,0.0,0.0,0.0,0.0,2,0
044080-50-304,532250.79,4386430.23,0.0,95.0,0.0,0.0,0.0,0.0,95.1,0.0,0.0,0.0,0.0,0.0,0.0,0.0,0.0,0.0,0.0,1,0
044080-52-301,532245.93,4386438.96,0.0,15.58,0.0,0.0,0.0,0.0,0.0,0.0,0.0,0.0,0.0,0.0,0.0,0.0,0.0,0.0,0.0,2,0
044080-54-401,532260.56,4386450.67,0.0,79.4,0.0,0.0,0.0,0.0,0.0,0.0,0.0,0.0,0.0,0.0,0.0,0.0,0.0,0.0,0.0,2,0
044080-54-402,532242.37,4386449.59,0.0,0.0,0.0,0.0,0.0,0.0,0.0,10.5,0.0,0.0,0.0,0.0,0.0,0.0,0.0,0.0,0.0,3,0
044080-54-404,532208.42,4386420.04,0.0,0.0,0.0,0.0,0.0,0.0,62.7,0.0,0.0,0.0,0.0,0.0,0.0,0.0,0.0,0.0,0.0,0,0
044080-59-401,532249.29,4386476.26,0.0,0.0,0.0,0.0,0.0,0.0,0.0,177.82999999999998,0.0,0.0,0.0,0.0,0.0,0.0,0.0,0.0,0.0,3,0
044080-59-402,532210.87,4386429.49,0.0,79.95,0.0,0.0,0.0,0.0,0.0,5.64,0.0,0.0,0.0,0.0,0.0,0.0,0.0,0.0,0.0,2,0
044080-62-301,532264.54,4386441.81,0.0,76.9,0.0,0.0,0.0,0.0,0.0,77.3,0.0,0.0,0.0,0.0,0.0,0.0,0.0,0.0,0.0,2,0
044080-62-302,532236.82,4386442.14,0.0,79.7,0.0,0.0,0.0,0.0,0.0,32.0,0.0,0.0,0.0,0.0,0.0,0.0,0.0,0.0,0.0,2,0
044080-62-303,532229.75,4386450.65,0.0,5.4,0.0,0.0,0.0,0.0,0.0,15.0,0.0,0.0,0.0,0.0,0.0,0.0,0.0,0.0,0.0,2,0
044080-62-304,532235.26,4386445.68,0.0,22.3,0.0,0.0,0.0,0.0,0.0,0.0,0.0,0.0,0.0,0.0,0.0,0.0,0.0,0.0,0.0,2,0
044080-69-401,532246.15,4386428.41,0.0,0.0,0.0,0.0,0.0,0.0,62.2,0.0,0.0,0.0,0.0,0.0,0.0,0.0,0.0,0.0,0.0,0,0
044080-69-402,532231.46,4386472.97,0.0,53.4,0.0,0.0,0.0,0.0,0.0,0.0,0.0,0.0,0.0,0.0,0.0,0.0,0.0,0.0,0.0,2,0
044380-14-402,532297.03,4386901.76,0.0,0.0,0.0,0.0,0.0,0.0,0.0,0.0,0.0,0.0,0.0,0.0,0.0,0.0,0.0,0.0,11.7,0,1
044380-51-303,532267.23,4386926.16,0.0,0.0,0.0,0.0,0.0,0.0,0.0,13.28,0.0,0.0,0.0,0.0,0.0,0.0,0.0,0.0,0.0,3,1
044380-59-401,532268.73,4386957.35,0.0,0.0,0.0,0.0,0.0,0.0,8.6,0.0,0.0,0.0,0.0,0.0,0.0,0.0,0.0,0.0,0.0,0,1
044380-62-406,532253.84,4386967.95,0.0,0.0,0.0,0.0,0.0,0.0,1.8,0.0,0.0,0.0,0.0,0.0,0.0,0.0,0.0,0.0,0.0,0,1
044380-62-408,532233.1,4386962.53,0.0,0.0,0.0,0.0,0.0,0.0,27.2,0.0,0.0,0.0,0.0,0.0,0.0,0.0,0.0,0.0,0.0,0,1
044380-68-402,532262.93,4386949.56,0.0,0.0,0.0,0.0,0.0,0.0,0.0,0.0,0.0,0.0,0.0,42.7,0.0,0.0,0.0,0.0,0.0,0,1
044380-68-403,532252.82,4386946.96,0.0,0.0,0.0,0.0,0.0,0.0,0.0,0.0,0.0,0.0,0.0,57.68,0.0,0.0,0.0,0.0,0.0,0,1
04439d-69-211,532324.75,4386921.85,0.0,0.0,0.0,0.0,0.0,0.0,0.0,2.8,0.0,0.0,0.0,0.0,0.0,0.0,0.0,0.0,0.0,3,1
044420-55-001,532124.95,4387152.31,0.0,0.0,0.0,0.0,0.0,0.0,0.0,0.0,0.0,0.0,0.0,8.7,0.0,0.0,0.0,0.0,0.0,0,2
044420-58-002,532107.32,4387161.0,0.0,0.0,0.0,0.0,0.0,0.0,5.6,0.0,0.0,0.0,0.0,41.8,0.0,0.0,0.0,0.0,0.0,0,2
044420-64-004,532105.54,4387136.02,0.0,0.0,0.0,0.0,0.0,0.0,0.0,0.0,0.0,0.0,0.0,18.2,0.0,0.0,0.0,0.0,0.0,0,2
04496A-13-305,532230.54,4386824.22,0.0,0.0,0.0,0.0,39.44,0.0,0.0,0.0,0.0,0.0,0.0,0.0,0.0,0.0,0.0,0.0,0.0,0,-1
046830-13-106,532975.5,4386061.7,0.0,0.0,0.0,0.0,0.0,0.0,0.0,4.2,0.0,0.0,0.0,0.0,0.0,0.0,0.0,0.0,0.0,3,-1
046830-14-016,533126.25,4386093.75,0.0,0.0,0.0,0.0,0.0,0.0,0.0,0.0,0.0,0.0,0.0,9.9,0.0,0.0,0.0,0.0,0.0,0,-1
046830-14-024,533069.45,4386049.0,0.0,0.0,0.0,0.0,0.0,0.0,0.0,21.9,0.0,0.0,0.0,0.0,0.0,0.0,0.0,0.0,0.0,3,-1
046830-42-021,533048.08,4386090.42,0.0,0.0,0.0,0.0,0.0,0.0,0.0,50.1,0.0,0.0,0.0,28.2,0.0,0.0,0.0,0.0,0.0,0,-1
046830-44-026,532955.22,4386089.46,0.0,0.0,0.0,0.0,0.0,0.0,0.0,0.0,0.0,0.0,0.0,4.6,0.0,0.0,0.0,0.0,0.0,0,-1
04686a-39-302,532663.76,4386774.67,0.0,0.0,0.0,0.0,0.0,0.0,0.0,6.8,0.0,0.0,0.0,0.0,0.0,0.0,0.0,0.0,0.0,3,-1
04708b-14-102,532149.94,4387085.6,0.0,0.0,0.0,0.0,0.0,0.0,16.169999999999998,5.52,0.0,0.0,0.0,0.0,0.0,0.0,0.0,0.0,0.0,0,2
04708b-14-103,532157.52,4387078.75,0.0,0.0,0.0,0.0,0.0,0.0,21.0,0.0,0.0,0.0,0.0,47.2,0.0,0.0,0.0,0.0,0.0,0,2
04708b-62-102,532146.89,4387077.6,0.0,0.0,0.0,0.0,0.0,0.0,0.0,14.3,0.0,0.0,0.0,37.3,0.0,0.0,0.0,0.0,0.0,0,2
04708b-64-101,532138.66,4387074.79,0.0,0.0,0.0,0.0,0.0,0.0,14.8,0.0,0.0,0.0,0.0,43.7,0.0,0.0,0.0,0.0,0.0,0,2
04708b-64-102,532146.47,4387075.04,0.0,0.0,0.0,0.0,0.0,0.0,110.4,11.1,0.0,0.0,0.0,0.0,0.0,0.0,0.0,0.0,0.0,0,2
04708b-66-103,532182.27,4387091.06,0.0,0.0,0.0,0.0,0.0,0.0,39.74,4.79,0.0,0.0,0.0,0.0,0.0,0.0,0.0,0.0,0.0,0,2
04708c-50-001,532165.28,4387111.16,0.0,0.0,0.0,0.0,0.0,0.0,0.0,4.6,0.0,0.0,0.0,0.0,0.0,0.0,0.0,0.0,0.0,3,2
04708c-50-003,532153.93,4387125.01,0.0,0.0,0.0,0.0,0.0,0.0,9.5,0.0,0.0,0.0,0.0,0.0,0.0,0.0,0.0,0.0,0.0,0,2
04708c-53-004,532125.0,4387120.23,0.0,0.0,0.0,0.0,0.0,0.0,0.0,0.0,0.0,0.0,0.0,14.6,0.0,0.0,0.0,0.0,0.0,0,2
04708c-56-002,532140.63,4387116.08,0.0,0.0,0.0,0.0,0.0,0.0,38.0,0.0,0.0,0.0,0.0,0.0,0.0,0.0,0.0,0.0,0.0,0,2
04708c-57-002,532153.61,4387111.14,0.0,0.0,0.0,0.0,0.0,0.0,19.1,0.0,0.0,0.0,0.0,0.0,0.0,0.0,0.0,0.0,0.0,0,2
04708c-57-003,532147.56,4387120.77,0.0,0.0,0.0,0.0,0.0,0.0,6.2,0.0,0.0,0.0,0.0,17.5,0.0,0.0,0.0,0.0,0.0,0,2
04708c-57-004,532138.59,4387132.5,0.0,0.0,0.0,0.0,10.2,0.0,6.0,0.0,0.0,0.0,0.0,19.200000000000003,0.0,0.0,0.0,0.0,0.0,0,2
04708c-63-002,532151.21,4387296.7,0.0,0.0,0.0,0.0,0.0,0.0,12.8,0.0,0.0,0.0,0.0,0.0,0.0,0.0,0.0,0.0,0.0,0,3
04708c-63-004,532153.45,4387295.04,0.0,0.0,0.0,0.0,0.0,0.0,0.0,4.4,0.0,0.0,0.0,0.0,0.0,0.0,0.0,0.0,0.0,3,3
04708c-65-001,532130.47,4387082.52,0.0,22.67,0.0,0.0,0.0,0.0,0.0,0.0,0.0,0.0,0.0,0.0,0.0,0.0,0.0,0.0,0.0,2,2
04759b-13-112,532816.1,4386276.29,0.0,0.0,0.0,0.0,0.0,0.0,0.0,3.93,0.0,0.0,0.0,0.0,0.0,0.0,0.0,0.0,0.0,3,-1
04759b-41-022,532912.01,4386077.52,0.0,0.0,0.0,0.0,0.0,0.0,0.0,0.0,0.0,0.0,0.0,22.8,0.0,0.0,0.0,0.0,0.0,0,-1
05071a-50-101,531989.82,4387111.15,0.0,0.0,0.0,0.0,0.0,0.0,27.4,0.0,0.0,0.0,0.0,0.0,0.0,0.0,0.0,0.0,0.0,0,4
05071a-50-102,531983.1,4387108.13,0.0,0.0,0.0,0.0,0.0,0.0,0.0,0.0,0.0,0.0,0.0,6.45,0.0,0.0,0.0,0.0,0.0,0,4
05071a-50-103,531975.08,4387103.02,0.0,0.0,0.0,0.0,0.0,0.0,0.0,0.0,0.0,0.0,0.0,33.9,0.0,0.0,0.0,0.0,0.0,0,4
05071a-50-104,531966.83,4387097.81,0.0,0.0,0.0,0.0,0.0,0.0,0.0,0.0,0.0,0.0,0.0,6.6,0.0,0.0,0.0,0.0,0.0,0,4
05071a-58-303,532014.29,4387038.75,0.0,0.0,0.0,0.0,0.0,0.0,8.76,0.0,0.0,0.0,0.0,0.0,0.0,0.0,0.0,0.0,0.0,0,4
05071a-63-202,532003.59,4387072.56,0.0,0.0,0.0,0.0,0.0,0.0,12.91,0.0,0.0,0.0,0.0,0.0,0.0,0.0,0.0,0.0,0.0,0,4
05071a-63-204,531982.1,4387060.6,0.0,0.0,0.0,0.0,0.0,0.0,0.0,32.7,0.0,0.0,0.0,0.0,0.0,0.0,0.0,0.0,0.0,3,4
050740-13-005,532017.53,4387096.12,0.0,0.0,0.0,0.0,0.0,0.0,0.0,0.0,0.0,0.0,0.0,20.51,0.0,0.0,0.0,0.0,0.0,0,4
050740-14-402,532051.18,4387082.52,0.0,0.0,0.0,0.0,0.0,0.0,15.3,0.0,0.0,0.0,0.0,0.0,0.0,0.0,0.0,0.0,0.0,0,4
050740-62-402,532031.24,4387089.21,0.0,0.0,0.0,0.0,0.0,0.0,0.0,15.8,0.0,0.0,0.0,0.0,0.0,0.0,0.0,0.0,0.0,3,4
050740-66-402,532040.88,4387083.7,0.0,0.0,0.0,0.0,0.0,0.0,42.540000000000006,0.0,0.0,0.0,0.0,8.68,0.0,0.0,0.0,0.0,0.0,0,4
050870-64-302,531638.08,4387182.26,0.0,1.8,0.0,0.0,0.0,0.0,0.0,0.0,0.0,0.0,0.0,0.0,0.0,0.0,0.0,0.0,0.0,2,-1
050880-62-207,531679.83,4387295.3,0.0,0.0,0.0,0.0,0.0,0.0,0.0,2.6,0.0,0.0,0.0,0.0,0.0,0.0,0.0,0.0,0.0,3,-1
050880-65-216,531624.32,4387272.43,0.0,0.0,0.0,0.0,0.0,0.0,0.0,2.66,0.0,0.0,0.0,0.0,0.0,0.0,0.0,0.0,0.0,3,-1
050930-50-405,531738.55,4387215.58,0.0,0.0,0.0,0.0,0.0,0.0,0.0,0.0,0.0,0.0,0.0,53.5,0.0,0.0,0.0,0.0,0.0,0,-1
050930-53-604,531704.46,4387192.08,0.0,0.0,0.0,0.0,0.0,0.0,45.8,0.0,0.0,0.0,0.0,0.0,0.0,0.0,0.0,0.0,0.0,0,-1
050930-56-409,531764.06,4387221.62,0.0,0.0,0.0,0.0,0.0,0.0,0.0,0.0,0.0,0.0,0.0,76.19,0.0,0.0,0.0,0.0,0.0,0,-1
05130a-35-108,531236.09,4387018.69,0.0,0.0,0.0,0.0,0.0,0.0,0.0,8.23,0.0,0.0,0.0,0.0,0.0,0.0,0.0,0.0,0.0,3,-1
05130a-36-103,531183.83,4386890.74,0.0,0.0,0.0,0.0,0.0,0.0,0.0,6.6,0.0,0.0,0.0,0.0,0.0,0.0,0.0,0.0,0.0,3,-1
05130a-42-108,531192.91,4387002.53,0.0,0.0,0.0,0.0,0.0,0.0,0.0,3.1,0.0,0.0,0.0,0.0,0.0,0.0,0.0,0.0,0.0,3,-1
05130a-44-101,531203.69,4386861.52,0.0,0.0,0.0,0.0,0.0,0.0,0.0,8.73,0.0,0.0,0.0,0.0,0.0,0.0,0.0,0.0,0.0,3,-1
110200-73-106,530425.01,4387047.08,0.0,0.0,0.0,0.0,0.0,0.0,0.0,0.0,0.0,0.0,0.0,37.6,0.0,0.0,0.0,0.0,0.0,0,5
110200-75-105,530456.78,4387085.27,0.0,0.0,0.0,0.0,28.1,0.0,0.0,0.0,0.0,0.0,0.0,0.0,0.0,0.0,0.0,0.0,0.0,0,5
110200-78-106,530469.24,4387081.21,0.0,0.0,0.0,0.0,0.0,0.0,14.8,0.0,0.0,0.0,0.0,0.0,0.0,0.0,0.0,0.0,0.0,0,5
11025a-83-105,530826.79,4387457.1,0.0,0.0,0.0,0.0,0.0,0.0,0.0,0.0,0.0,0.0,0.0,0.0,0.0,0.0,0.0,6.2,0.0,3,-1
110360-05-001,530444.72,4387139.72,0.0,0.0,0.0,0.0,0.0,0.0,18.5,0.0,0.0,0.0,0.0,0.0,0.0,0.0,0.0,0.0,0.0,0,5
110360-05-002,530439.97,4387147.02,0.0,0.0,0.0,0.0,0.0,0.0,26.3,0.0,0.0,0.0,0.0,0.0,0.0,0.0,0.0,0.0,0.0,0,5
110360-73-007,530407.42,4387133.13,0.0,0.0,0.0,0.0,0.0,0.0,25.3,0.0,0.0,0.0,0.0,0.0,0.0,0.0,0.0,0.0,0.0,0,5
110360-75-008,530369.94,4387104.68,0.0,10.6,0.0,0.0,0.0,0.0,0.0,0.0,0.0,0.0,0.0,0.0,0.0,0.0,0.0,0.0,0.0,2,5
110360-78-013,530422.56,4387146.18,0.0,0.0,0.0,0.0,0.0,0.0,24.6,0.0,0.0,0.0,0.0,0.0,0.0,0.0,0.0,0.0,0.0,0,5
11050a-78-105,530633.95,4387591.51,0.0,0.0,0.0,0.0,0.0,0.0,0.0,0.0,0.0,0.0,8.5,0.0,0.0,0.0,0.0,0.0,0.0,3,-1
11097a-73-004,530122.77,4388208.24,0.0,0.0,0.0,0.0,0.0,0.0,0.0,0.0,0.0,0.0,27.39,0.0,0.0,0.0,0.0,0.0,0.0,3,-1
11117a-14-006,530006.38,4388459.83,0.0,0.0,0.0,0.0,0.0,0.0,0.0,0.0,0.0,0.0,120.4,0.0,0.0,0.0,0.0,0.0,0.0,3,-1
111260-74-304,529808.49,4388357.4,0.0,0.0,0.0,0.0,0.0,0.0,26.4,0.0,0.0,0.0,0.0,0.0,0.0,0.0,0.0,0.0,0.0,0,-1
111260-84-301,529846.86,4388331.8,0.0,0.0,0.0,0.0,0.0,0.0,13.5,0.0,0.0,0.0,0.0,0.0,0.0,0.0,0.0,0.0,0.0,0,-1
111270-73-203,529862.43,4388388.91,0.0,0.0,0.0,0.0,0.0,0.0,9.9,0.0,0.0,0.0,0.0,18.2,0.0,0.0,0.0,0.0,0.0,0,-1
11140d-34-006,530909.49,4386972.09,0.0,0.0,0.0,0.0,0.0,0.0,0.0,4.91,0.0,0.0,0.0,0.0,0.0,0.0,0.0,0.0,0.0,3,-1
15001a-05-038,529171.3,4389791.34,0.0,0.0,0.0,0.0,0.0,0.0,15.4,0.0,0.0,0.0,0.0,0.0,0.0,0.0,0.0,0.0,0.0,0,-1
15001a-14-216,528986.08,4389907.17,0.0,0.0,0.0,0.0,0.0,0.0,0.0,4.6,0.0,0.0,0.0,23.8,0.0,0.0,0.0,0.0,0.0,0,6
15001a-14-224,528955.81,4389859.67,0.0,0.0,0.0,0.0,0.0,0.0,0.0,5.2,0.0,0.0,0.0,0.0,0.0,0.0,0.0,0.0,0.0,3,6
15001a-14-227,528985.39,4389862.11,0.0,0.0,0.0,0.0,0.0,0.0,0.0,0.0,0.0,0.0,0.0,23.0,0.0,0.0,0.0,0.0,0.0,0,6
15001a-16-133,529205.14,4389664.19,0.0,0.0,0.0,0.0,0.0,0.0,35.5,0.0,0.0,0.0,0.0,0.0,0.0,0.0,0.0,0.0,0.0,0,-1
15001a-16-236,529090.01,4389852.49,0.0,0.0,0.0,0.0,0.0,0.0,9.0,0.0,0.0,0.0,0.0,0.0,0.0,0.0,0.0,0.0,0.0,0,-1
15001a-20-131,529226.81,4389944.69,0.0,0.0,0.0,0.0,0.0,0.0,33.6,0.0,0.0,0.0,0.0,0.0,0.0,0.0,0.0,0.0,0.0,0,-1
15001a-21-133,529194.73,4389675.45,0.0,0.0,0.0,0.0,0.0,0.0,0.0,6.5,0.0,0.0,0.0,0.0,0.0,0.0,0.0,0.0,0.0,3,-1
15001a-21-217,528966.93,4389913.98,0.0,0.0,0.0,0.0,0.0,0.0,0.0,0.0,0.0,0.0,0.0,4.1,0.0,0.0,0.0,0.0,0.0,0,6
15001a-22-221,528952.94,4389800.67,0.0,0.0,0.0,0.0,0.0,0.0,57.1,0.0,0.0,0.0,0.0,0.0,0.0,0.0,0.0,0.0,0.0,0,6
15001a-22-222,528960.2,4389802.74,0.0,0.0,0.0,0.0,0.0,0.0,0.0,0.0,0.0,0.0,0.0,8.3,0.0,0.0,0.0,0.0,0.0,0,6
160020-42-409,529703.88,4389563.3,0.0,0.0,0.0,0.0,0.0,0.0,0.0,0.0,0.0,0.0,0.0,0.0,0.0,0.0,0.0,0.0,12.71,0,-1
160040-14-005,529751.48,4389478.47,0.0,0.0,0.0,0.0,0.0,0.0,0.0,0.0,0.0,0.0,0.0,11.2,0.0,0.0,0.0,0.0,0.0,0,-1
160080-40-302,529639.53,4389342.53,0.0,0.0,0.0,0.0,0.0,0.0,20.01,0.0,0.0,0.0,0.0,0.0,0.0,0.0,0.0,4.3,0.0,0,-1
16041c-39-402,530162.28,4388790.51,0.0,0.0,0.0,0.0,0.0,0.0,0.0,0.0,0.0,0.0,0.0,0.0,0.0,0.0,0.0,10.14,0.0,3,-1
160830-82-003,530611.74,4388150.24,0.0,0.0,0.0,0.0,0.0,0.0,0.0,0.0,0.0,0.0,0.0,90.9,0.0,0.0,0.0,0.0,0.0,0,-1
160830-84-008,530576.48,4388235.11,0.0,0.0,0.0,0.0,0.0,0.0,0.0,0.0,0.0,0.0,0.0,24.4,0.0,0.0,0.0,0.0,0.0,0,-1
160840-80-406,530363.05,4388745.58,0.0,0.0,0.0,0.0,0.0,0.0,19.3,0.0,0.0,0.0,0.0,0.0,0.0,0.0,0.0,0.0,0.0,0,-1
160870-05-009,530444.26,4388842.01,0.0,0.0,0.0,0.0,0.0,0.0,0.0,0.0,0.0,0.0,0.0,16.0,0.0,0.0,0.0,0.0,0.0,0,7
160870-71-502,530501.86,4388790.96,0.0,0.0,0.0,0.0,0.0,0.0,16.1,0.0,0.0,0.0,0.0,0.0,0.0,0.0,0.0,0.0,0.0,0,7
160870-80-506,530464.14,4388783.49,0.0,0.0,0.0,0.0,0.0,0.0,7.8,0.0,0.0,0.0,0.0,0.0,0.0,0.0,0.0,0.0,0.0,0,7
160870-82-504,530467.24,4388803.15,0.0,0.0,0.0,0.0,0.0,0.0,0.0,0.0,0.0,0.0,0.0,0.0,6.9,0.0,0.0,0.0,0.0,3,7
160880-71-201,530354.94,4388864.52,0.0,0.0,0.0,0.0,0.0,0.0,16.8,0.0,0.0,0.0,0.0,0.0,0.0,0.0,0.0,0.0,0.0,0,-1
160890-74-101,530439.89,4388862.86,0.0,0.0,0.0,0.0,0.0,0.0,0.0,0.0,0.0,0.0,0.0,0.0,0.0,0.0,0.0,0.0,38.5,0,7
160890-74-103,530431.07,4388879.14,0.0,0.0,0.0,0.0,0.0,0.0,0.0,0.0,0.0,0.0,0.0,0.0,0.0,0.0,0.0,0.0,16.4,0,7
160910-80-004,530307.52,4388925.04,0.0,0.0,0.0,0.0,0.0,0.0,0.0,0.0,0.0,0.0,0.0,0.0,0.0,0.0,0.0,0.0,8.4,0,-1
160910-82-003,530302.94,4388932.02,0.0,0.0,0.0,0.0,0.0,0.0,0.0,0.0,0.0,0.0,0.0,55.3,0.0,0.0,0.0,0.0,38.0,0,-1
16094a-37-204,530734.47,4388293.45,0.0,0.0,0.0,0.0,0.0,0.0,26.46,0.0,0.0,0.0,0.0,0.0,0.0,0.0,0.0,0.0,0.0,0,-1
16094b-05-303,530828.52,4388450.94,0.0,0.0,0.0,0.0,0.0,0.0,0.0,0.0,0.0,10.21,0.0,0.0,0.0,0.0,0.0,0.0,0.0,0,8
16094b-05-306,530794.31,4388442.49,0.0,0.0,0.0,0.0,0.0,0.0,21.5,0.0,0.0,0.0,0.0,118.3,0.0,0.0,0.0,0.0,0.0,0,8
16094b-14-001,530792.13,4388464.93,0.0,0.0,0.0,0.0,0.0,0.0,0.0,0.0,0.0,0.0,0.0,0.0,0.0,0.0,0.0,0.0,403.52,0,8
16094b-14-002,530793.23,4388469.93,0.0,0.0,0.0,0.0,0.0,0.0,0.0,30.06,0.0,0.0,0.0,207.4,0.0,0.0,0.0,0.0,0.0,0,8
16094b-14-003,530789.24,4388480.35,0.0,0.0,0.0,0.0,0.0,0.0,46.1,8.5,0.0,0.0,0.0,85.3,0.0,0.0,0.0,0.0,17.3,0,8
16094b-14-004,530790.4,4388490.01,0.0,0.0,0.0,0.0,0.0,0.0,0.0,0.0,0.0,0.0,0.0,160.92999999999998,0.0,0.0,0.0,0.0,14.49,0,8
16094b-14-301,530892.75,4388428.71,0.0,0.0,0.0,0.0,0.0,0.0,43.2,0.0,0.0,0.0,0.0,0.0,0.0,0.0,0.0,0.0,0.0,0,8
16094b-14-302,530891.6,4388436.03,0.0,3.3,0.0,0.0,0.0,0.0,0.0,0.0,0.0,0.0,0.0,0.0,0.0,0.0,0.0,0.0,0.0,2,8
16094b-14-303,530899.39,4388441.06,0.0,0.0,0.0,0.0,0.0,0.0,0.0,0.0,0.0,0.0,0.0,26.34,0.0,0.0,0.0,0.0,0.0,0,8
16094b-14-305,530888.57,4388464.99,0.0,0.0,0.0,0.0,0.0,0.0,27.59,0.0,0.0,0.0,0.0,0.0,0.0,0.0,0.0,0.0,0.0,0,8
16094b-14-306,530890.43,4388473.32,0.0,0.0,0.0,0.0,0.0,0.0,0.0,0.0,0.0,0.0,0.0,173.3,5.1,0.0,0.0,0.0,103.6,0,8
16094b-14-310,530787.46,4388452.26,0.0,0.0,0.0,0.0,0.0,0.0,66.4,0.0,0.0,0.0,0.0,0.0,0.0,0.0,0.0,0.0,0.0,0,8
16094b-33-309,530839.4,4388508.85,0.0,0.0,0.0,0.0,0.0,0.0,8.6,13.000000000000002,0.0,0.0,0.0,0.0,9.05,0.0,0.0,0.0,0.0,0,8
16094b-34-101,530781.13,4388468.44,0.0,0.0,0.0,0.0,0.0,0.0,14.7,9.3,0.0,0.0,0.0,13.8,0.0,0.0,0.0,0.0,151.0,0,8
16094b-34-102,530783.76,4388477.88,0.0,0.0,0.0,0.0,0.0,0.0,36.8,6.2,0.0,0.0,0.0,0.0,0.0,0.0,0.0,0.0,0.0,0,8
16094b-34-103,530786.05,4388484.66,0.0,0.0,0.0,0.0,0.0,0.0,0.0,0.0,0.0,0.0,0.0,0.0,0.0,0.0,0.0,0.0,24.9,0,8
16094b-34-109,530906.89,4388410.45,0.0,0.0,0.0,0.0,0.0,0.0,0.0,31.97,0.0,0.0,0.0,0.0,0.0,0.0,0.0,0.0,0.0,3,8
16094b-34-110,530910.43,4388405.92,0.0,6.0,0.0,0.0,0.0,0.0,18.1,1.4,0.0,0.0,0.0,0.0,0.0,0.0,0.0,0.0,0.0,1,8
16094b-34-113,530894.13,4388297.75,0.0,0.0,0.0,0.0,0.0,0.0,0.0,0.0,0.0,0.0,0.0,50.6,0.0,0.0,0.0,0.0,0.0,0,8
16094b-34-114,530887.57,4388308.49,0.0,0.0,0.0,0.0,0.0,0.0,0.0,12.79,0.0,0.0,0.0,0.0,0.0,0.0,0.0,0.0,0.0,3,8
16094b-34-301,530882.9,4388424.9,0.0,0.0,0.0,0.0,0.0,0.0,7.7,0.0,0.0,0.0,0.0,0.0,0.0,0.0,0.0,0.0,0.0,0,8
16094b-34-302,530883.79,4388438.44,0.0,0.0,0.0,0.0,0.0,0.0,0.0,4.7,0.0,0.0,0.0,0.0,0.0,0.0,0.0,0.0,0.0,3,8
16094b-34-305,530879.05,4388464.39,0.0,0.0,0.0,0.0,0.0,0.0,26.3,0.0,0.0,0.0,0.0,0.0,0.0,0.0,0.0,0.0,0.0,0,8
16094b-34-306,530878.14,4388476.38,0.0,0.0,0.0,0.0,0.0,0.0,12.72,0.0,0.0,0.0,0.0,0.0,0.0,0.0,0.0,0.0,0.0,0,8
16094b-34-307,530874.15,4388487.35,0.0,0.0,0.0,0.0,0.0,0.0,16.7,0.0,0.0,0.0,0.0,0.0,0.0,0.0,0.0,70.69999999999999,0.0,0,8
16094b-34-308,530876.79,4388493.02,0.0,4.91,0.0,0.0,0.0,0.0,57.22,0.0,0.0,0.0,0.0,107.03,0.0,0.0,0.0,0.0,0.0,1,8
16094b-35-102,530753.73,4388434.48,0.0,0.0,0.0,0.0,0.0,0.0,0.0,0.0,0.0,0.0,0.0,76.71000000000001,0.0,0.0,0.0,0.0,0.0,0,8
16094b-35-109,530890.59,4388389.86,0.0,0.0,0.0,0.0,0.0,0.0,0.0,0.0,0.0,0.0,0.0,87.9,0.0,0.0,0.0,0.0,0.0,0,8
16094b-35-114,530840.11,4388310.97,0.0,0.0,0.0,0.0,0.0,0.0,0.0,0.0,0.0,0.0,0.0,0.0,0.0,0.0,0.0,0.0,27.85,0,8
16094b-35-302,530851.28,4388434.65,0.0,0.0,0.0,0.0,0.0,0.0,0.0,0.0,0.0,0.0,0.0,49.5,0.0,0.0,0.0,0.0,0.0,0,8
16094b-35-304,530853.6,4388456.52,0.0,0.0,0.0,0.0,0.0,0.0,0.0,0.0,0.0,0.0,0.0,0.0,0.0,0.0,0.0,0.0,130.69,0,8
16094b-35-305,530852.79,4388464.73,0.0,0.0,0.0,0.0,0.0,0.0,0.0,7.02,0.0,0.0,0.0,0.0,55.36,0.0,0.0,0.0,0.0,3,8
16094b-35-306,530851.12,4388474.16,0.0,0.0,0.0,0.0,0.0,0.0,22.6,0.0,0.0,0.0,0.0,0.0,0.0,0.0,0.0,0.0,23.3,0,8
16094b-35-308,530852.86,4388492.03,0.0,0.0,0.0,0.0,0.0,0.0,19.1,5.7,0.0,0.0,0.0,0.0,0.0,0.0,0.0,0.0,56.900000000000006,0,8
16094b-35-309,530852.13,4388502.35,0.0,0.0,0.0,0.0,0.0,0.0,0.0,0.0,0.0,0.0,0.0,28.37,0.0,0.0,0.0,0.0,0.0,0,8
16094b-36-101,530769.55,4388469.17,0.0,0.0,0.0,0.0,0.0,0.0,0.0,0.0,0.0,0.0,0.0,0.0,0.0,0.0,0.0,0.0,11.9,0,8
16094b-36-303,530860.55,4388455.88,0.0,0.0,0.0,0.0,0.0,0.0,0.0,0.0,0.0,0.0,0.0,9.13,0.0,0.0,0.0,0.0,0.0,0,8
16094b-36-304,530859.22,4388466.31,0.0,0.0,0.0,0.0,0.0,0.0,0.0,0.0,0.0,0.0,0.0,0.0,0.0,0.0,0.0,0.0,35.5,0,8
16094b-36-305,530859.79,4388473.19,0.0,0.0,0.0,0.0,0.0,0.0,0.0,0.0,0.0,0.0,0.0,0.0,0.0,0.0,0.0,0.0,86.74,0,8
16094b-37-101,530744.6,4388464.97,0.0,0.0,0.0,0.0,0.0,0.0,49.29,0.0,0.0,0.0,0.0,0.0,0.0,0.0,0.0,0.0,36.58,0,8
16094b-37-304,530923.53,4388455.14,0.0,0.0,0.0,0.0,0.0,0.0,0.0,0.0,0.0,0.0,0.0,116.4,0.0,0.0,0.0,0.0,0.0,0,8
16094b-37-314,530807.95,4388479.54,0.0,0.0,0.0,0.0,0.0,0.0,0.0,0.0,0.0,0.0,0.0,0.0,0.0,0.0,0.0,7.5,0.0,3,8
16094b-37-316,530810.8,4388494.53,0.0,0.0,0.0,0.0,0.0,0.0,0.0,0.0,0.0,0.0,0.0,141.1,0.0,0.0,0.0,0.0,0.0,0,8
16094b-42-301,530873.96,4388428.97,0.0,0.0,0.0,0.0,0.0,0.0,0.0,0.0,0.0,0.0,0.0,0.0,0.0,0.0,0.0,0.0,126.4,0,8
16094b-42-302,530872.47,4388436.62,0.0,0.0,0.0,0.0,0.0,0.0,38.64,0.0,0.0,0.0,0.0,50.09,0.0,0.0,0.0,0.0,25.11,0,8
16094b-42-303,530868.58,4388442.38,0.0,0.0,0.0,0.0,0.0,0.0,0.0,0.0,0.0,0.0,0.0,33.35,0.0,0.0,0.0,0.0,0.0,0,8
16094b-42-305,530870.47,4388464.14,0.0,0.0,0.0,0.0,0.0,0.0,32.05,51.66,0.0,0.0,0.0,92.65,0.0,0.0,0.0,0.0,31.21,0,8
16094b-42-307,530870.39,4388483.45,0.0,0.0,0.0,0.0,0.0,0.0,0.0,0.0,0.0,0.0,0.0,0.0,0.0,0.0,0.0,0.0,11.62,0,8
16094b-42-308,530867.86,4388494.2,0.0,0.0,0.0,0.0,0.0,0.0,0.0,0.0,0.0,0.0,0.0,9.3,0.0,0.0,0.0,0.0,0.0,0,8
16094b-42-309,530866.98,4388500.86,0.0,0.0,0.0,0.0,0.0,0.0,14.4,0.0,0.0,0.0,0.0,0.0,0.0,0.0,0.0,0.0,0.0,0,8
16094b-43-107,530771.05,4388394.48,0.0,0.0,0.0,0.0,0.0,0.0,0.0,0.0,0.0,0.0,0.0,60.14,0.0,0.0,0.0,0.0,0.0,0,8
16094b-44-101,530762.27,4388464.7,0.0,0.0,0.0,0.0,0.0,0.0,0.0,13.9,0.0,0.0,0.0,0.0,0.0,0.0,0.0,0.0,0.0,3,8
16094b-44-104,530751.52,4388429.37,0.0,0.0,0.0,0.0,0.0,0.0,0.0,0.0,0.0,0.0,0.0,58.0,0.0,0.0,0.0,0.0,0.0,0,8
16094b-44-107,530880.96,4388329.0,0.0,0.0,0.0,0.0,0.0,0.0,0.0,0.59,0.0,0.0,0.0,0.0,0.0,0.0,0.0,0.0,0.0,3,8
16094b-44-108,530884.35,4388339.67,0.0,0.0,0.0,0.0,0.0,0.0,0.0,0.0,0.0,0.0,0.0,0.0,0.0,0.0,0.0,0.0,12.95,0,8
16094b-44-110,530849.03,4388290.25,0.0,0.0,0.0,0.0,0.0,0.0,0.0,0.0,0.0,0.0,0.0,0.0,0.0,0.0,0.0,0.0,49.97,0,8
16094b-44-301,530902.35,4388432.08,0.0,0.0,0.0,0.0,0.0,0.0,10.5,0.0,0.0,0.0,0.0,0.0,0.0,0.0,0.0,0.0,0.0,0,8
16094b-44-303,530904.24,4388450.73,0.0,0.0,0.0,0.0,0.0,0.0,0.0,0.0,0.0,0.0,0.0,0.0,0.0,0.0,0.0,0.0,14.04,0,8
16094b-44-307,530900.04,4388493.11,0.0,0.0,0.0,0.0,0.0,0.0,15.3,0.0,0.0,0.0,0.0,0.0,0.0,0.0,0.0,0.0,63.2,0,8
16094b-46-101,530751.47,4388462.11,0.0,0.0,0.0,0.0,0.0,0.0,0.0,0.0,0.0,0.0,0.0,22.8,0.0,0.0,0.0,0.0,50.2,0,8
16094b-46-102,530753.58,4388470.44,0.0,0.0,0.0,0.0,0.0,0.0,0.0,8.6,0.0,0.0,0.0,0.0,0.0,0.0,0.0,0.0,18.4,0,8
16094b-46-108,530903.21,4388323.32,0.0,0.0,0.0,0.0,0.0,0.0,0.0,0.0,0.0,0.0,0.0,0.0,0.0,0.0,0.0,0.0,37.9,0,8
16094b-46-303,530921.06,4388450.02,0.0,0.0,0.0,0.0,0.0,0.0,0.0,0.0,0.0,0.0,0.0,0.0,0.0,0.0,0.0,0.0,37.98,0,8
16094b-46-310,530816.4,4388445.83,0.0,0.0,0.0,0.0,0.0,0.0,0.0,0.0,0.0,0.0,0.0,0.0,0.0,0.0,0.0,0.0,18.19,0,8
16094b-46-311,530818.43,4388453.72,0.0,0.0,0.0,0.0,0.0,0.0,0.0,0.0,0.0,0.0,0.0,0.0,0.0,0.0,0.0,0.0,192.82,0,8
16094b-46-320,530816.91,4388490.23,0.0,0.0,0.0,0.0,0.0,0.0,0.0,0.0,0.0,0.0,0.0,0.0,0.0,0.0,0.0,0.0,41.2,0,8
16094b-46-321,530819.63,4388498.01,0.0,0.0,0.0,0.0,0.0,0.0,14.1,0.0,0.0,0.0,0.0,43.8,0.0,0.0,0.0,0.0,28.7,0,8
16094b-46-324,530830.5,4388525.91,0.0,0.0,0.0,0.0,0.0,0.0,0.0,2.86,0.0,0.0,0.0,0.0,0.0,0.0,0.0,0.0,0.0,3,8
16094b-47-307,530826.52,4388425.56,0.0,0.0,0.0,0.0,0.0,0.0,0.0,0.0,0.0,0.0,0.0,0.0,0.0,0.0,0.0,0.0,10.6,0,8
16094b-47-313,530828.1,4388502.15,0.0,0.0,0.0,0.0,0.0,0.0,32.13,0.0,0.0,0.0,0.0,81.7,0.0,0.0,0.0,0.0,115.24,0,8
16094b-47-316,530850.62,4388514.11,0.0,0.0,0.0,0.0,0.0,0.0,153.86,30.8,0.0,0.0,0.0,35.6,0.0,0.0,0.0,0.0,27.7,0,8
16094b-48-101,530800.07,4388474.62,0.0,0.0,0.0,0.0,0.0,0.0,0.0,0.0,0.0,0.0,0.0,50.0,0.0,0.0,0.0,0.0,13.5,0,8
16094b-48-102,530801.15,4388482.84,0.0,0.0,0.0,0.0,0.0,0.0,0.0,0.0,0.0,0.0,0.0,0.0,0.0,0.0,0.0,0.0,7.98,0,8
16094e-01-004,530997.5092,4388216.372,0.0,0.0,0.0,0.0,0.0,0.0,18.7,0.0,0.0,0.0,0.0,0.0,0.0,0.0,0.0,0.0,0.0,0,8
16094e-01-118,530955.9085,4388366.549,0.0,47.8,0.0,0.0,0.0,0.0,0.0,0.0,0.0,0.0,0.0,0.0,0.0,0.0,0.0,0.0,0.0,2,8
16094e-01-129,531003.1521,4388287.843,0.0,0.0,0.0,0.0,0.0,0.0,108.1,0.0,0.0,0.0,0.0,0.0,0.0,0.0,0.0,0.0,0.0,0,8
16094e-06-101,531008.1013,4388475.229,0.0,0.0,0.0,0.0,0.0,0.0,0.0,0.0,116.2,0.0,0.0,0.0,0.0,0.0,0.0,0.0,0.0,0,8
16094e-06-112,530952.3736,4388405.058,0.0,0.0,0.0,0.0,0.0,0.0,0.0,7.8,0.0,0.0,0.0,0.0,0.0,0.0,0.0,0.0,0.0,3,8
16094e-07-002,531002.9328,4388267.283,0.0,0.0,0.0,0.0,0.0,0.0,0.0,2.4,0.0,0.0,0.0,0.0,0.0,0.0,0.0,0.0,0.0,3,8
16094e-08-106,530946.0891,4388438.792,0.0,0.0,0.0,0.0,0.0,0.0,0.0,0.0,0.0,0.0,0.0,0.0,0.0,0.0,0.0,0.0,31.9,0,8
16094e-08-110,530976.1566,4388372.966,0.0,0.0,0.0,0.0,0.0,36.3,0.0,0.0,0.0,0.0,0.0,0.0,0.0,0.0,0.0,0.0,0.0,3,8
16094e-13-012,531014.7681,4388255.952,0.0,0.0,0.0,0.0,0.0,0.0,120.9,0.0,0.0,0.0,0.0,0.0,0.0,0.0,0.0,0.0,0.0,0,8
16094e-13-106,530952.2454,4388449.506,0.0,0.0,0.0,0.0,0.0,0.0,0.0,0.0,0.0,0.0,49.6,0.0,0.0,0.0,0.0,0.0,0.0,3,8
16094f-34-204,531017.86,4387978.72,0.0,0.0,0.0,0.0,0.0,0.0,0.0,32.5,0.0,0.0,0.0,0.0,0.0,0.0,0.0,0.0,0.0,3,-1
161000-14-009,530846.75,4388774.25,0.0,0.0,0.0,0.0,0.0,0.0,0.0,0.0,0.0,0.0,0.0,0.0,0.0,0.0,0.0,0.0,31.5,0,8
161000-14-016,530932.68,4388826.42,0.0,0.0,0.0,0.0,0.0,0.0,0.0,0.0,0.0,0.0,0.0,0.0,3.0,0.0,0.0,0.0,0.0,3,9
161000-53-012,530941.53,4388801.04,0.0,0.0,0.0,0.0,0.0,0.0,0.0,0.0,0.0,0.0,0.0,0.0,0.0,0.0,0.0,0.0,12.58,0,9
161000-55-001,530972.39,4388765.98,0.0,0.0,0.0,0.0,0.0,0.0,23.8,0.0,0.0,0.0,0.0,34.0,0.0,0.0,0.0,0.0,0.0,0,9
161000-55-002,530975.69,4388756.01,0.0,0.0,0.0,0.0,0.0,0.0,9.4,0.0,0.0,0.0,0.0,0.0,0.0,0.0,0.0,0.0,0.0,0,9
161000-55-110,531005.23,4388897.97,0.0,0.0,0.0,0.0,0.0,0.0,0.0,43.5,0.0,0.0,0.0,0.0,0.0,0.0,0.0,0.0,0.0,3,-1
161000-55-121,531052.92,4388839.11,0.0,0.0,0.0,0.0,0.0,0.0,0.0,0.0,0.0,0.0,0.0,23.3,0.0,0.0,0.0,0.0,0.0,0,-1
161000-57-015,530875.05,4388819.86,0.0,0.0,0.0,0.0,0.0,0.0,0.0,3.7,0.0,0.0,0.0,0.0,0.0,0.0,0.0,0.0,0.0,3,8
161000-57-111,530973.16,4388917.04,0.0,0.0,0.0,0.0,0.0,0.0,0.0,0.0,0.0,0.0,0.0,0.0,0.0,0.0,0.0,0.0,95.79,0,-1
161000-61-005,530980.69,4388728.72,0.0,0.0,0.0,0.0,0.0,0.0,0.0,0.0,0.0,0.0,0.0,0.0,0.0,0.0,0.0,0.0,43.4,0,9
161000-61-006,530897.68,4388738.94,0.0,0.0,0.0,0.0,0.0,0.0,0.0,0.0,0.0,0.0,0.0,0.0,0.0,0.0,0.0,0.0,30.2,0,8
161000-61-007,530903.3,4388729.3,0.0,0.0,0.0,0.0,0.0,0.0,0.0,3.9,0.0,0.0,0.0,21.17,0.0,0.0,0.0,0.0,0.0,0,8
161000-61-008,530909.0,4388719.0,0.0,0.0,0.0,0.0,0.0,0.0,0.0,5.52,0.0,0.0,0.0,0.0,0.0,0.0,0.0,0.0,0.0,3,8
161000-62-122,531072.54,4388761.17,0.0,0.0,0.0,0.0,0.0,0.0,0.0,39.1,0.0,0.0,0.0,0.0,0.0,0.0,0.0,0.0,0.0,3,-1
161060-53-211,530700.66,4388745.81,0.0,0.0,0.0,0.0,0.0,0.0,0.0,0.0,0.0,0.0,0.0,0.0,0.0,0.0,0.0,0.0,136.6,0,8
161070-14-304,530685.08,4388845.41,0.0,0.0,0.0,0.0,0.0,0.0,0.0,1.2,0.0,0.0,0.0,0.0,0.0,0.0,0.0,0.0,0.0,3,10
161070-14-306,530675.39,4388864.68,0.0,0.0,0.0,0.0,0.0,0.0,16.83,0.0,0.0,0.0,0.0,0.0,0.0,0.0,0.0,0.0,0.0,0,10
161070-55-303,530657.92,4388814.22,0.0,0.0,0.0,0.0,0.0,0.0,6.3,0.0,0.0,0.0,0.0,0.0,0.0,0.0,0.0,0.0,0.0,0,10
161070-58-301,530708.47,4388831.52,0.0,0.0,0.0,0.0,0.0,0.0,9.97,0.0,0.0,0.0,0.0,0.0,0.0,0.0,0.0,0.0,0.0,0,10
161080-68-103,530668.22,4388941.57,0.0,0.0,0.0,0.0,0.0,0.0,0.0,0.0,0.0,0.0,0.0,8.0,0.0,0.0,0.0,0.0,0.0,0,-1
161100-13-001,530585.66,4389083.22,0.0,0.0,0.0,0.0,0.0,0.0,0.0,0.0,0.0,0.0,0.0,0.0,0.0,0.0,0.0,0.0,24.81,0,11
161100-13-002,530589.51,4389072.92,0.0,0.0,0.0,0.0,0.0,0.0,0.0,0.0,0.0,0.0,0.0,56.72,0.0,0.0,0.0,0.0,0.0,0,11
161100-13-004,530597.57,4389055.58,0.0,0.0,0.0,0.0,0.0,0.0,0.0,0.0,0.0,0.0,0.0,0.0,0.0,0.0,0.0,0.0,43.09,0,11
161100-13-005,530597.91,4389045.74,0.0,0.0,0.0,0.0,0.0,0.0,0.0,27.700000000000003,0.0,0.0,0.0,0.0,0.0,0.0,0.0,0.0,38.7,0,11
161100-13-009,530616.7,4389003.8,0.0,0.0,0.0,0.0,0.0,0.0,0.0,0.0,0.0,0.0,0.0,0.0,0.0,0.0,0.0,0.0,22.4,0,11
161100-14-001,530557.9,4389090.74,0.0,0.0,0.0,0.0,0.0,0.0,10.69,0.0,0.0,0.0,0.0,102.73,0.0,0.0,0.0,0.0,4.56,0,11
161100-14-002,530561.02,4389081.87,0.0,0.0,0.0,0.0,0.0,0.0,0.0,0.0,0.0,0.0,0.0,54.2,0.0,0.0,0.0,19.0,0.0,0,11
161100-14-003,530557.29,4389071.87,0.0,0.0,0.0,0.0,0.0,0.0,0.0,0.0,0.0,0.0,0.0,0.0,0.0,0.0,0.0,0.0,86.7,0,11
161100-14-005,530565.1,4389049.15,0.0,0.0,0.0,0.0,0.0,0.0,0.0,0.0,0.0,0.0,0.0,51.5,0.0,0.0,0.0,0.0,0.0,0,11
161100-14-006,530569.44,4389037.18,0.0,0.0,0.0,0.0,0.0,0.0,0.0,0.0,0.0,0.0,0.0,0.0,7.8,0.0,0.0,0.0,0.0,3,11
161100-50-009,530610.19,4388985.41,0.0,0.0,0.0,0.0,0.0,0.0,0.0,0.0,0.0,0.0,0.0,0.0,0.0,0.0,0.0,0.0,16.3,0,11
161100-51-004,530587.46,4389056.89,0.0,0.0,0.0,0.0,0.0,0.0,0.0,0.0,0.0,0.0,0.0,32.9,0.0,0.0,0.0,0.0,0.0,0,11
161100-51-005,530587.41,4389047.12,0.0,0.0,0.0,0.0,0.0,0.0,9.4,0.0,0.0,0.0,0.0,0.0,0.0,0.0,0.0,0.0,0.0,0,11
161100-68-001,530570.17,4389089.12,0.0,0.0,0.0,0.0,0.0,0.0,0.0,0.0,0.0,0.0,0.0,0.0,0.0,0.0,0.0,0.0,66.6,0,11
161100-69-002,530593.44,4389084.0,0.0,0.0,0.0,0.0,0.0,0.0,63.83,0.0,0.0,0.0,0.0,0.0,0.0,0.0,0.0,0.0,0.0,0,11
161100-69-003,530597.02,4389069.69,0.0,0.0,0.0,0.0,0.0,0.0,0.0,0.0,0.0,0.0,0.0,98.5,0.0,0.0,0.0,0.0,0.0,0,11
161110-50-201,530613.49,4389085.17,0.0,0.0,0.0,0.0,0.0,0.0,0.0,4.5,0.0,0.0,0.0,0.0,0.0,0.0,0.0,0.0,0.0,3,11
161110-50-202,530560.37,4389095.87,0.0,0.0,0.0,0.0,0.0,0.0,0.0,22.6,0.0,0.0,0.0,0.0,0.0,0.0,0.0,0.0,83.1,0,11
161110-50-203,530561.98,4389106.9,0.0,0.0,0.0,0.0,0.0,0.0,5.9,0.0,0.0,0.0,0.0,443.5,0.0,0.0,0.0,4.3,42.2,0,11
161110-50-204,530558.19,4389114.26,0.0,0.0,0.0,0.0,0.0,0.0,0.0,0.0,0.0,0.0,0.0,0.0,0.0,0.0,0.0,0.0,145.0,0,11
161110-51-201,530593.43,4389088.32,0.0,0.0,0.0,0.0,0.0,0.0,22.0,0.0,0.0,0.0,0.0,181.6,0.0,0.0,0.0,0.0,0.0,0,11
161110-52-201,530584.25,4389088.95,0.0,0.0,0.0,0.0,0.0,0.0,0.0,6.03,0.0,0.0,0.0,0.0,0.0,0.0,0.0,0.0,3.17,0,11
161110-59-301,530570.59,4389092.9,0.0,73.0,0.0,0.0,0.0,0.0,0.0,6.0,0.0,0.0,0.0,203.1,0.0,0.0,0.0,0.0,124.8,1,11
161110-59-303,530574.46,4389111.78,0.0,0.0,0.0,0.0,0.0,0.0,0.0,21.4,0.0,0.0,0.0,344.90000000000003,0.0,0.0,0.0,0.0,216.5,0,11
16127a-01-001,530396.6,4388613.9,0.0,14.5,0.0,0.0,0.0,0.0,116.5,0.0,0.0,0.0,0.0,0.0,0.0,0.0,0.0,0.0,0.0,1,12
16127a-01-002,530399.9,4388568.3,0.0,3.2,0.0,0.0,0.0,0.0,208.3,0.0,0.0,0.0,0.0,0.0,0.0,0.0,0.0,0.0,0.0,1,12
16127a-01-003,530403.2,4388548.4,0.0,0.0,0.0,0.0,0.0,0.0,79.8,0.0,0.0,0.0,0.0,20.8,0.0,0.0,27.6,0.0,0.0,0,12
16127a-01-005,530406.0,4388639.6,0.0,0.0,0.0,0.0,0.0,0.0,18.7,0.0,0.0,0.0,0.0,0.0,0.0,0.0,0.0,0.0,70.0,0,12
16127a-01-007,530395.7,4388631.5,0.0,0.0,0.0,0.0,0.0,0.0,12.5,0.0,0.0,0.0,0.0,0.0,0.0,0.0,0.0,0.0,9.7,0,12
16127a-01-009,530413.8,4388605.8,0.0,4.9,0.0,0.0,0.0,0.0,15.0,0.0,0.0,0.0,0.0,0.0,0.0,0.0,0.0,0.0,0.0,1,12
16127a-01-010,530405.7,4388590.1,0.0,0.0,0.0,0.0,0.0,0.0,0.0,0.0,0.0,0.0,0.0,0.0,0.0,0.0,0.0,0.0,14.9,0,12
16127a-01-016,530352.1,4388555.9,0.0,18.7,0.0,0.0,0.0,0.0,0.0,0.0,0.0,0.0,0.0,0.0,0.0,0.0,0.0,0.0,0.0,2,12
16127a-01-017,530346.3,4388556.2,0.0,0.0,0.0,0.0,0.0,0.0,117.6,0.0,0.0,0.0,0.0,18.5,0.0,0.0,0.0,0.0,0.0,0,12
16127a-01-018,530331.9,4388566.0,0.0,11.5,0.0,0.0,0.0,0.0,216.90000000000003,19.8,0.0,0.0,0.0,0.0,11.7,0.0,0.0,0.0,30.4,1,12
16127a-01-020,530330.8,4388573.3,0.0,0.0,0.0,0.0,0.0,0.0,0.0,0.0,0.0,5.6,0.0,0.0,3.8,0.0,0.0,0.0,0.0,0,12
16127a-01-021,530327.0,4388581.0,0.0,8.9,0.0,0.0,0.0,0.0,50.2,0.0,0.0,0.0,0.0,0.0,0.0,0.0,0.0,0.0,0.0,1,12
16127a-03-001,530414.0,4388595.3,0.0,0.0,0.0,0.0,0.0,0.0,25.200000000000003,0.0,19.2,0.0,0.0,0.0,0.0,0.0,0.0,0.0,103.2,0,12
16127a-03-003,530397.9,4388627.5,0.0,0.0,0.0,0.0,0.0,0.0,21.5,0.0,0.0,0.0,0.0,0.0,0.0,0.0,0.0,0.0,0.0,0,12
16127a-03-004,530395.1,4388637.0,0.0,0.0,0.0,0.0,0.0,0.0,0.0,0.0,0.0,0.0,0.0,0.0,0.0,0.0,0.0,0.0,18.8,0,12
16127a-03-005,530404.8,4388621.0,0.0,0.0,0.0,0.0,0.0,0.0,1.4,0.0,0.0,0.0,0.0,0.0,0.0,0.0,0.0,0.0,0.0,0,12
16127a-03-006,530399.6,4388585.0,0.0,0.0,0.0,0.0,0.0,0.0,47.2,0.0,0.0,0.0,0.0,0.0,0.0,0.0,0.0,0.0,116.8,0,12
16127a-08-001,530384.4,4388609.0,0.0,17.099999999999998,0.0,0.0,0.0,0.0,75.9,0.0,0.0,0.0,0.0,0.0,0.0,0.0,0.0,0.0,38.400000000000006,1,12
16127a-08-002,530362.1,4388618.4,0.0,17.8,0.0,0.0,0.0,0.0,0.0,0.0,0.0,0.0,0.0,0.0,0.0,0.0,0.0,0.0,0.0,2,12
16127a-08-003,530338.4,4388603.5,0.0,48.24,0.0,0.0,0.0,0.0,44.8,0.0,0.0,0.0,0.0,0.0,0.0,0.0,0.0,0.0,0.0,1,12
16127a-08-005,530346.8,4388629.6,0.0,2.3,0.0,0.0,0.0,0.0,0.0,0.0,0.0,0.0,0.0,0.0,0.0,0.0,0.0,0.0,0.0,2,12
16127a-09-001,530405.7,4388592.8,0.0,0.0,0.0,0.0,0.0,0.0,93.5,0.0,0.0,0.0,0.0,143.2,0.0,0.0,0.0,0.0,0.0,0,12
16127a-09-002,530393.0,4388578.0,0.0,0.0,0.0,0.0,0.0,0.0,57.2,0.0,0.0,0.0,0.0,50.4,0.0,0.0,0.0,0.0,0.0,0,12
16127a-09-003,530390.4,4388568.4,0.0,5.2,0.0,0.0,0.0,0.0,46.2,0.0,0.0,0.0,0.0,117.7,0.0,0.0,0.0,0.0,0.0,1,12
16127a-09-004,530411.0,4388628.2,0.0,0.0,0.0,0.0,0.0,0.0,8.5,0.0,0.0,0.0,0.0,204.2,0.0,0.0,0.0,0.0,0.0,0,12
16127a-09-005,530414.5,4388621.1,0.0,5.6,0.0,0.0,0.0,0.0,16.2,0.0,0.0,0.0,0.0,0.0,0.0,0.0,0.0,0.0,363.9,1,12
16127a-10-001,530398.3,4388597.7,0.0,2.0,0.0,0.0,0.0,0.0,0.0,0.0,0.0,0.0,0.0,0.0,0.0,0.0,0.0,0.0,0.0,2,12
16127a-10-002,530380.9,4388607.2,0.0,0.0,0.0,0.0,0.0,0.0,34.7,0.0,0.0,0.0,0.0,0.0,0.0,0.0,0.0,0.0,8.0,0,12
16127a-10-003,530346.2,4388609.7,0.0,0.0,0.0,0.0,0.0,0.0,24.5,0.0,0.0,0.0,0.0,0.0,0.0,0.0,0.0,0.0,0.0,0,12
16127a-10-012,530366.0,4388574.7,0.0,0.7,0.0,0.0,0.0,0.0,55.7,0.0,0.0,0.0,0.0,0.0,0.0,0.0,0.0,0.0,24.4,0,12
16127a-10-013,530362.9,4388571.7,0.0,0.0,0.0,0.0,0.0,0.0,77.4,0.0,0.0,0.0,0.0,0.0,0.0,0.0,0.0,0.0,26.8,0,12
16127a-10-014,530354.7,4388588.2,0.0,47.3,0.0,1.9,0.0,0.0,103.4,0.0,0.0,0.0,0.0,0.0,0.0,0.0,0.0,0.0,68.5,1,12
16127a-11-001,530371.7,4388560.9,0.0,4.5,0.0,0.0,0.0,0.0,0.0,0.0,0.0,0.0,0.0,0.0,0.0,0.0,0.0,0.0,0.0,2,12
16127a-11-002,530352.8,4388548.6,0.0,5.7,0.0,0.0,0.0,0.0,0.0,0.0,0.0,0.0,0.0,0.0,0.0,0.0,0.0,0.0,0.0,2,12
16127a-11-003,530336.2,4388556.1,0.0,65.9,0.0,0.0,0.0,0.0,182.3,0.0,0.0,0.0,0.0,50.4,0.0,0.0,0.0,0.0,0.0,1,12
16127a-12-002,530369.5,4388625.9,0.0,43.2,0.0,0.0,0.0,0.0,20.6,0.0,0.0,0.0,0.0,0.0,0.0,0.0,0.0,0.0,0.0,1,12
16127a-12-003,530344.5,4388620.0,0.0,76.9,0.0,0.0,0.0,0.0,141.0,48.99999999999999,0.0,0.0,0.0,0.0,0.0,0.0,26.5,0.0,1.8,1,12
16127a-12-004,530313.5,4388614.2,0.0,23.1,0.0,0.0,0.0,0.0,0.0,0.0,0.0,0.0,0.0,0.0,0.0,0.0,0.0,0.0,0.0,2,12
16127a-12-006,530334.5,4388632.7,0.0,55.5,0.0,0.0,0.0,0.0,0.0,0.0,0.0,0.0,0.0,0.0,0.0,0.0,0.0,0.0,0.0,2,12
16127a-13-001,530388.7,4388594.4,0.0,0.0,0.0,0.0,0.0,6.8,84.9,1.5,0.0,0.0,0.0,0.0,0.0,0.0,0.0,0.0,15.0,0,12
16127a-13-002,530377.1,4388619.0,0.0,17.0,0.0,0.0,0.0,0.0,83.29999999999998,3.5,0.0,0.0,0.0,0.0,0.0,0.0,0.0,0.0,0.0,1,12
16127a-13-003,530371.7,4388620.9,0.0,11.1,0.0,0.0,0.0,0.0,7.8,0.0,0.0,0.0,0.0,0.0,0.0,0.0,0.0,0.0,0.0,1,12
16127a-13-004,530326.1,4388602.9,0.0,54.1,0.0,0.0,0.0,0.0,18.8,12.8,0.0,0.0,0.0,0.0,0.0,0.0,0.0,0.0,97.5,1,12
16127a-13-011,530372.3,4388579.1,0.0,11.5,0.0,0.0,0.0,0.0,63.580000000000005,0.0,0.0,0.0,0.0,0.0,0.0,0.0,0.0,0.0,0.0,1,12
16127b-82-303,530374.66,4388673.15,0.0,0.0,0.0,0.0,0.0,0.0,0.0,0.0,0.0,0.0,0.0,177.5,0.0,0.0,0.0,0.0,0.0,0,12
16127b-84-302,530949.35,4385998.36,0.0,0.0,0.0,0.0,0.0,0.0,30.8,0.0,0.0,0.0,0.0,0.0,0.0,0.0,0.0,0.0,30.0,0,-1
16127b-84-303,530949.35,4385998.36,0.0,0.0,0.0,0.0,0.0,0.0,0.0,5.6,0.0,0.0,0.0,0.0,0.0,0.0,0.0,0.0,0.0,3,-1
161310-38-301,530714.47,4388475.46,0.0,0.0,0.0,0.0,0.0,0.0,0.0,0.0,0.0,0.0,0.0,0.0,0.0,0.0,0.0,0.0,75.9,0,8
161310-38-302,530722.03,4388485.03,0.0,0.0,0.0,0.0,0.0,0.0,23.6,0.0,0.0,0.0,0.0,0.0,0.0,0.0,0.0,0.0,0.0,0,8
161310-46-303,530734.22,4388485.57,0.0,0.0,0.0,0.0,0.0,0.0,0.0,15.5,0.0,0.0,0.0,0.0,0.0,0.0,0.0,0.0,0.0,3,8
16135a-05-102,530874.18,4388693.56,0.0,0.0,0.0,0.0,0.0,0.0,20.4,0.0,0.0,0.0,0.0,0.0,0.0,0.0,0.0,0.0,64.3,0,8
16135a-05-113,530721.1,4388698.72,0.0,24.3,0.0,0.0,0.0,0.0,0.0,0.0,0.0,0.0,0.0,0.0,0.0,0.0,0.0,0.0,0.0,2,8
16135a-05-116,530747.55,4388713.7,0.0,0.0,0.0,0.0,0.0,0.0,0.0,0.0,0.0,0.0,0.0,0.0,0.0,0.0,0.0,0.0,10.9,0,8
16135a-05-121,530714.39,4388724.33,0.0,0.0,0.0,0.0,0.0,0.0,0.0,0.0,0.0,0.0,0.0,58.0,0.0,0.0,0.0,0.0,90.8,0,8
16135a-05-122,530821.47,4388594.79,0.0,30.0,0.0,0.0,0.0,0.0,0.0,0.0,0.0,0.0,0.0,137.1,0.0,0.0,0.0,0.0,0.0,1,8
16135a-05-123,530837.0,4388573.66,0.0,0.0,0.0,0.0,0.0,0.0,0.0,0.0,0.0,0.0,0.0,0.0,0.0,0.0,0.0,0.0,126.6,0,8
16135a-05-124,530842.72,4388558.59,0.0,27.7,0.0,0.0,0.0,0.0,0.0,0.0,0.0,0.0,0.0,0.0,0.0,0.0,0.0,0.0,0.0,2,8
16135a-05-126,530851.89,4388540.2,0.0,0.0,0.0,0.0,0.0,0.0,13.7,0.0,0.0,0.0,0.0,0.0,0.0,0.0,0.0,0.0,0.0,0,8
16135a-13-002,530858.48,4388689.3,0.0,0.0,0.0,0.0,0.0,0.0,59.7,0.0,0.0,0.0,0.0,42.2,0.0,0.0,0.0,0.0,0.0,0,8
16135a-13-003,530862.79,4388683.99,0.0,0.0,0.0,0.0,0.0,0.0,33.4,0.0,0.0,0.0,0.0,0.0,0.0,0.0,0.0,0.0,0.0,0,8
16135a-13-004,530866.54,4388672.03,0.0,0.0,0.0,0.0,0.0,0.0,70.69999999999999,0.0,0.0,0.0,0.0,0.0,0.0,0.0,0.0,0.0,19.4,0,8
16135a-13-007,530857.9,4388631.83,0.0,0.0,0.0,0.0,0.0,0.0,490.01,0.0,0.0,0.0,0.0,0.0,0.0,0.0,0.0,0.0,0.0,0,8
16135a-13-008,530851.88,4388623.98,0.0,21.0,0.0,0.0,0.0,0.0,99.1,0.0,0.0,0.0,0.0,0.0,0.0,0.0,0.0,0.0,0.0,1,8
16135a-13-009,530844.02,4388616.25,0.0,20.700000000000003,0.0,0.0,0.0,0.0,125.5,0.0,0.0,0.0,0.0,32.400000000000006,0.0,0.0,0.0,0.0,35.9,1,8
16135a-13-010,530837.55,4388611.58,0.0,3.9,0.0,0.0,0.0,0.0,188.7,0.0,0.0,0.0,0.0,0.0,0.0,0.0,0.0,0.0,0.0,1,8
16135a-23-143,530827.93,4388743.18,0.0,24.700000000000003,0.0,0.0,0.0,0.0,68.2,8.6,0.0,0.0,0.0,0.0,0.0,0.0,0.0,0.0,30.1,1,8
16135a-23-145,530833.16,4388608.49,0.0,0.0,0.0,0.0,0.0,0.0,0.0,0.0,0.0,0.0,0.0,0.0,0.0,0.0,0.0,0.0,38.7,0,8
16135a-23-147,530847.36,4388586.86,0.0,0.0,0.0,0.0,0.0,0.0,35.5,0.0,0.0,0.0,0.0,0.0,0.0,0.0,0.0,0.0,0.0,0,8
16135a-23-150,530859.59,4388564.01,0.0,0.0,0.0,0.0,0.0,0.0,67.3,0.0,0.0,0.0,0.0,0.0,0.0,0.0,0.0,0.0,0.0,0,8
16135a-23-153,530821.19,4388562.63,0.0,0.0,0.0,0.0,0.0,0.0,6.8,0.0,0.0,0.0,0.0,0.0,0.0,0.0,0.0,0.0,68.5,0,8
16135a-24-106,530847.03,4388660.52,0.0,0.0,0.0,0.0,0.0,0.0,0.0,0.0,0.0,0.0,0.0,0.0,0.0,0.0,0.0,0.0,28.7,0,8
16135a-24-107,530850.89,4388651.68,0.0,0.0,0.0,0.0,0.0,0.0,41.8,0.0,0.0,0.0,0.0,0.0,0.0,0.0,0.0,0.0,35.4,0,8
16135a-24-108,530852.9,4388645.9,0.0,120.9,3.7,0.0,0.0,0.0,221.4,0.0,0.0,0.0,0.0,165.3,0.0,0.0,0.0,0.0,220.0,1,8
16135a-24-109,530855.11,4388637.61,0.0,93.60000000000004,0.0,0.0,0.0,0.0,68.69999999999999,0.0,0.0,0.0,0.0,19.0,0.0,0.0,0.0,0.0,16.2,1,8
16135a-24-110,530857.6,4388632.23,0.0,37.5,0.0,0.0,0.0,0.0,115.65,0.0,0.0,0.0,0.0,0.0,0.0,0.0,0.0,0.0,0.0,1,8
16135a-24-122,530752.49,4388686.25,0.0,0.0,0.0,0.0,0.0,0.0,0.0,0.0,0.0,0.0,0.0,77.0,0.0,0.0,0.0,0.0,0.0,0,8
16135a-24-125,530722.8,4388709.16,0.0,0.0,0.0,0.0,0.0,0.0,0.0,0.0,0.0,0.0,0.0,0.0,0.0,0.0,0.0,0.0,34.0,0,8
16135a-24-130,530766.51,4388732.17,0.0,0.0,0.0,0.0,0.0,0.0,0.0,0.0,0.0,0.0,0.0,64.0,0.0,0.0,0.0,0.0,0.0,0,8
16135a-24-134,530845.37,4388565.06,0.0,0.0,0.0,2.0,0.0,0.0,0.0,0.0,0.0,0.0,0.0,0.0,0.0,0.0,0.0,0.0,0.0,3,8
16135a-24-135,530849.44,4388557.8,0.0,0.0,0.0,0.0,0.0,0.0,8.8,0.0,0.0,0.0,0.0,0.0,0.0,0.0,0.0,0.0,0.0,0,8
16135a-24-137,530857.21,4388551.11,0.0,394.69999999999993,0.0,0.0,0.0,0.0,316.69999999999993,0.0,0.0,0.0,0.0,0.0,0.0,0.0,0.0,0.0,0.0,1,8
16135a-25-107,530840.67,4388642.59,0.0,0.0,0.0,0.0,0.0,0.0,37.6,0.0,0.0,0.0,0.0,0.0,0.0,0.0,0.0,0.0,0.0,0,8
16135a-25-108,530842.82,4388640.05,0.0,0.0,0.0,0.0,0.0,0.0,50.7,0.0,0.0,0.0,0.0,222.8,0.0,0.0,0.0,0.0,49.6,0,8
16135a-25-109,530847.49,4388631.85,0.0,0.0,0.0,0.0,0.0,0.0,261.79999999999995,0.0,0.0,0.0,0.0,0.0,0.0,0.0,0.0,0.0,108.7,0,8
16135a-25-110,530847.84,4388630.19,0.0,0.0,0.0,0.0,0.0,0.0,102.6,0.0,0.0,0.0,0.0,409.5,0.0,0.0,0.0,0.0,0.0,0,8
16135a-25-118,530748.85,4388666.53,0.0,0.0,0.0,0.0,0.0,0.0,13.6,0.0,0.0,0.0,0.0,0.0,0.0,0.0,0.0,0.0,0.0,0,8
16135a-25-125,530796.55,4388712.67,0.0,0.0,0.0,0.0,0.0,0.0,0.0,0.0,0.0,0.0,0.0,0.0,0.0,0.0,0.0,0.0,9.7,0,8
16135a-25-128,530723.76,4388719.48,0.0,0.0,0.0,0.0,0.0,0.0,0.0,0.0,0.0,0.0,0.0,0.0,0.0,0.0,0.0,0.0,30.1,0,8
16135a-25-130,530743.96,4388731.33,0.0,0.0,0.0,0.0,0.0,0.0,17.9,0.0,0.0,0.0,0.0,0.0,0.0,0.0,0.0,0.0,0.0,0,8
16135a-25-132,530768.98,4388740.2,0.0,0.0,0.0,0.0,0.0,0.0,0.0,22.4,0.0,0.0,0.0,0.0,0.0,0.0,0.0,0.0,0.0,3,8
16135a-25-133,530838.04,4388569.66,0.0,0.0,0.0,0.0,0.0,0.0,0.0,0.0,0.0,0.0,0.0,0.0,0.0,0.0,0.0,0.0,12.2,0,8
16135a-25-134,530838.67,4388563.12,0.0,0.0,0.0,0.0,0.0,0.0,0.0,0.0,0.0,0.0,0.0,0.0,0.0,0.0,0.0,0.0,142.9,0,8
16135a-25-136,530843.28,4388546.93,0.0,0.0,0.0,0.0,0.0,0.0,22.7,0.0,0.0,0.0,0.0,0.0,0.0,0.0,0.0,0.0,75.0,0,8
16135a-25-137,530846.49,4388538.73,0.0,0.0,0.0,0.0,0.0,0.0,0.0,0.0,0.0,0.0,0.0,0.0,0.0,0.0,0.0,0.0,55.6,0,8
16135a-25-138,530842.45,4388541.49,0.0,0.0,0.0,0.0,0.0,0.0,0.0,0.0,0.0,0.0,0.0,0.0,0.0,0.0,0.0,0.0,36.0,0,8
16135a-25-140,530833.96,4388560.1,0.0,43.0,0.0,0.0,0.0,0.0,0.0,0.0,0.0,0.0,0.0,0.0,0.0,0.0,0.0,0.0,249.0,1,8
16135a-25-141,530832.14,4388565.98,0.0,0.0,0.0,0.0,0.0,0.0,8.4,0.0,0.0,0.0,0.0,282.3,0.0,0.0,0.0,89.8,21.8,0,8
16135a-25-142,530826.92,4388561.19,0.0,0.0,0.0,0.0,0.0,0.0,0.0,0.0,0.0,0.0,0.0,0.0,0.0,0.0,0.0,0.0,37.5,0,8
16135a-25-143,530829.7,4388554.54,0.0,0.0,0.0,0.0,0.0,0.0,85.8,0.0,0.0,0.0,0.0,96.3,0.0,0.0,0.0,0.0,229.1,0,8
16135a-26-108,530837.0,4388637.75,0.0,0.0,0.0,0.0,0.0,0.0,0.0,0.0,0.0,0.0,0.0,0.0,0.0,0.0,0.0,0.0,20.7,0,8
16135a-26-109,530837.38,4388634.14,0.0,13.1,0.0,0.0,0.0,0.0,49.8,0.0,0.0,0.0,0.0,191.2,0.0,0.0,0.0,0.0,354.4,1,8
16135a-26-110,530840.96,4388624.5,0.0,0.0,0.0,0.0,0.0,0.0,0.0,0.0,0.0,0.0,0.0,22.2,0.0,0.0,0.0,0.0,0.0,0,8
16135a-26-111,530840.88,4388622.28,0.0,0.0,0.0,0.0,0.0,0.0,59.3,0.0,0.0,0.0,0.0,8.1,0.0,0.0,0.0,0.0,72.9,0,8
16135a-26-113,530873.25,4388632.41,0.0,0.0,0.0,0.0,0.0,0.0,0.0,0.0,0.0,0.0,0.0,0.0,0.0,0.0,0.0,0.0,42.0,0,8
16135a-26-114,530867.59,4388627.82,0.0,34.7,0.0,0.0,0.0,0.0,208.3,0.0,0.0,0.0,0.0,0.0,0.0,0.0,0.0,0.0,10.9,1,8
16135a-26-115,530862.23,4388622.06,0.0,70.9,0.0,0.0,0.0,0.0,392.2000000000001,0.0,0.0,0.0,0.0,0.0,0.0,0.0,0.0,0.0,13.3,1,8
16135a-26-116,530857.66,4388617.23,0.0,25.2,0.0,0.0,0.0,0.0,0.0,0.0,0.0,0.0,0.0,11.5,0.0,0.0,0.0,0.0,0.0,1,8
16135a-26-117,530852.32,4388612.31,0.0,0.0,0.0,0.0,0.0,0.0,23.9,0.0,0.0,0.0,0.0,0.0,0.0,0.0,0.0,0.0,152.4,0,8
16135a-26-118,530848.33,4388607.41,0.0,42.2,0.0,0.0,0.0,0.0,87.69999999999999,0.0,0.0,0.0,0.0,0.0,0.0,0.0,0.0,0.0,36.8,1,8
16135a-26-119,530842.44,4388607.07,0.0,3.6,0.0,0.0,0.0,0.0,17.1,0.0,0.0,0.0,0.0,0.0,0.0,0.0,0.0,0.0,0.0,1,8
16135a-26-120,530831.87,4388609.86,0.0,0.0,0.0,0.0,0.0,0.0,40.900000000000006,0.0,0.0,0.0,0.0,0.0,0.0,0.0,0.0,0.0,55.3,0,8
16135a-27-101,530806.69,4388642.79,0.0,11.8,0.0,0.0,0.0,0.0,0.0,0.0,0.0,0.0,0.0,0.0,0.0,0.0,0.0,0.0,0.0,2,8
16135a-27-106,530846.16,4388663.7,0.0,0.0,0.0,0.0,0.0,0.0,0.0,0.0,0.0,0.0,0.0,271.9,0.0,0.0,0.0,0.0,0.0,0,8
16135a-27-107,530851.5,4388658.62,0.0,0.0,0.0,0.0,0.0,0.0,58.6,0.0,0.0,0.0,0.0,0.0,0.0,0.0,0.0,0.0,0.0,0,8
16135a-27-108,530854.36,4388652.08,0.0,12.9,0.0,0.0,0.0,0.0,260.3,0.0,0.0,0.0,0.0,0.0,0.0,0.0,0.0,0.0,0.0,1,8
16135a-27-109,530855.92,4388647.87,0.0,61.1,0.0,0.0,0.0,0.0,79.3,0.0,0.0,0.0,0.0,0.0,0.0,0.0,0.0,0.0,31.6,1,8
16135a-27-124,530740.85,4388674.05,0.0,0.0,0.0,0.0,0.0,0.0,0.0,0.0,0.0,0.0,0.0,0.0,0.0,0.0,0.0,0.0,11.9,0,8
16135a-27-129,530766.94,4388691.35,0.0,0.0,0.0,0.0,0.0,0.0,0.0,0.0,0.0,0.0,0.0,43.3,0.0,0.0,0.0,0.0,0.0,0,8
16135a-27-131,530774.11,4388701.26,0.0,0.0,0.0,0.0,0.0,7.4,0.0,0.0,0.0,0.0,0.0,0.0,0.0,0.0,0.0,0.0,0.0,3,8
16135a-27-134,530794.66,4388712.88,0.0,3.1,0.0,0.0,0.0,0.0,0.0,0.0,0.0,0.0,0.0,0.0,0.0,0.0,0.0,0.0,0.0,2,8
16135a-27-137,530808.16,4388726.92,0.0,0.0,0.0,0.0,0.0,0.0,18.6,0.0,0.0,0.0,0.0,0.0,0.0,0.0,0.0,0.0,14.6,0,8
16135a-27-146,530846.92,4388538.62,0.0,0.0,0.0,0.0,0.0,0.0,0.0,0.0,0.0,0.0,0.0,0.0,0.0,0.0,0.0,0.0,53.0,0,8
16135a-27-147,530854.15,4388533.1,0.0,0.0,0.0,0.0,0.0,0.0,0.0,0.0,0.0,0.0,0.0,102.6,0.0,0.0,0.0,0.0,0.0,0,8
16135a-27-148,530856.29,4388533.78,0.0,0.0,0.0,0.0,0.0,0.0,35.8,0.0,0.0,0.0,0.0,0.0,0.0,0.0,0.0,0.0,58.3,0,8
16135a-27-149,530862.4,4388529.47,0.0,0.0,0.0,0.0,0.0,0.0,22.2,0.0,0.0,0.0,0.0,91.4,0.0,0.0,0.0,0.0,0.0,0,8
16135a-27-150,530861.76,4388517.26,0.0,0.0,0.0,0.0,0.0,0.0,22.5,0.0,0.0,0.0,0.0,134.2,0.0,0.0,0.0,0.0,0.0,0,8
16135a-28-102,530840.38,4388694.18,0.0,1.6,0.0,0.0,0.0,0.0,0.0,0.0,0.0,0.0,0.0,0.0,0.0,0.0,0.0,0.0,0.0,2,8
16135a-29-102,530799.64,4388672.08,0.0,0.0,0.0,0.0,0.0,0.0,0.0,0.0,0.0,0.0,0.0,0.0,0.0,0.0,0.0,0.0,137.6,0,8
16135a-29-104,530810.35,4388650.15,0.0,0.0,0.0,0.0,0.0,0.0,0.0,0.0,0.0,0.0,0.0,0.0,0.0,0.0,0.0,0.0,47.8,0,8
16135a-30-102,530848.25,4388704.0,0.0,0.0,0.0,0.0,0.0,0.0,0.0,0.0,0.0,0.0,0.0,0.0,0.0,0.0,0.0,0.0,17.0,0,8
16135b-14-040,530903.37,4388712.32,0.0,0.0,0.0,0.0,0.0,0.0,32.2,0.0,0.0,0.0,0.0,77.4,0.0,0.0,0.0,0.0,26.5,0,8
16135b-29-110,530894.49,4388715.28,0.0,0.0,0.0,0.0,0.0,0.0,0.0,0.0,0.0,0.0,0.0,0.0,0.0,0.0,0.0,0.0,106.4,0,8
16135c-01-018,530841.986325623,4388582.87348547,0.0,4.5,0.0,0.0,0.0,0.0,0.0,0.0,0.0,0.0,0.0,0.0,0.0,0.0,0.0,0.0,0.0,2,8
16135c-01-019,530849.396194765,4388578.67015998,0.0,2.6,0.0,0.0,0.0,0.0,16.1,0.0,0.0,0.0,0.0,0.0,0.0,0.0,0.0,0.0,58.0,1,8
16135c-01-020,530853.94643288,4388573.80501336,0.0,0.0,0.0,0.0,0.0,0.0,47.400000000000006,0.0,0.0,0.0,0.0,0.0,0.0,0.0,0.0,0.0,0.0,0,8
16135c-01-021,530856.203710325,4388568.65100208,0.0,0.0,0.0,0.0,0.0,0.0,11.9,0.0,0.0,0.0,0.0,0.0,0.0,0.0,0.0,0.0,13.3,0,8
16135c-01-022,530862.665812535,4388564.07209168,0.0,52.44999999999999,0.0,0.0,0.0,0.0,143.1,0.0,0.0,0.0,0.0,20.9,0.0,0.0,0.0,12.1,0.0,1,8
16135c-01-023,530869.16705359,4388555.10164231,0.0,10.0,0.0,0.0,0.0,0.0,0.0,0.0,0.0,0.0,0.0,0.0,0.0,0.0,0.0,0.0,37.4,1,8
16135c-01-024,530875.731902965,4388550.00263187,0.0,0.0,0.0,0.0,0.0,0.0,63.8,0.0,0.0,0.0,0.0,97.9,0.0,0.0,0.0,0.0,0.0,0,8
16135c-01-026,530892.209401289,4388540.70038597,0.0,42.0,0.0,0.0,0.0,0.0,0.0,0.0,0.0,0.0,0.0,0.0,0.0,0.0,0.0,0.0,85.0,1,8
16135c-01-027,530893.323409227,4388533.70942887,0.0,9.0,0.0,0.0,0.0,0.0,11.3,0.0,0.0,0.0,0.0,0.0,0.0,0.0,0.0,0.0,47.4,1,8
16135c-01-030,530912.876284767,4388532.26291304,0.0,0.0,0.0,0.0,0.0,0.0,0.0,0.0,0.0,0.0,0.0,0.0,0.0,0.0,0.0,0.0,15.6,0,8
16135c-01-034,530904.545115201,4388543.81971957,0.0,4.7,0.0,0.0,0.0,0.0,0.0,0.0,0.0,0.0,0.0,0.0,0.0,0.0,0.0,0.0,0.0,2,8
16135c-01-035,530895.763749888,4388549.26386109,0.0,30.700000000000003,0.0,0.0,0.0,0.0,26.3,0.0,0.0,0.0,0.0,50.7,0.0,0.0,0.0,0.0,48.4,1,8
16135c-01-036,530888.175394283,4388554.93587645,0.0,101.1,1.7,6.1,0.0,0.0,0.0,0.0,0.0,0.0,0.0,0.0,0.0,0.0,0.0,0.0,0.0,2,8
16135c-01-037,530882.273723314,4388557.84334874,0.0,58.1,0.0,0.0,0.0,0.0,0.0,0.0,0.0,0.0,0.0,0.0,0.0,0.0,0.0,0.0,0.0,2,8
16135c-01-038,530878.237592145,4388556.43097247,0.0,61.1,0.0,0.0,0.0,0.0,0.0,0.0,0.0,0.0,0.0,0.0,0.0,0.0,0.0,0.0,0.0,2,8
16135c-01-039,530867.29401495,4388564.87197151,0.0,164.2,0.0,0.0,0.0,0.0,0.0,0.0,0.0,0.0,0.0,23.1,0.0,0.0,0.0,0.0,0.0,1,8
16135c-01-042,530850.493645449,4388579.38153278,0.0,17.5,0.0,0.0,0.0,0.0,35.0,0.0,0.0,0.0,0.0,0.0,0.0,0.0,0.0,0.0,0.0,1,8
16135c-01-043,530848.246803007,4388585.53112861,0.0,5.0,0.0,0.0,0.0,0.0,0.0,0.0,0.0,0.0,0.0,0.0,0.0,0.0,0.0,0.0,0.0,2,8
16135c-01-044,530844.115083057,4388591.85963477,0.0,0.0,0.0,0.0,0.0,0.0,6.7,0.0,0.0,0.0,0.0,0.0,0.0,0.0,0.0,0.0,0.0,0,8
16135c-01-049,530937.628976403,4388537.9437347,0.0,57.1,0.0,0.0,0.0,0.0,37.7,0.0,0.0,0.0,0.0,0.0,0.0,0.0,0.0,0.0,0.0,1,8
16135c-01-051,530944.623678375,4388538.65105711,0.0,5.4,0.0,0.0,0.0,0.0,0.0,0.0,0.0,0.0,0.0,0.0,0.0,0.0,0.0,0.0,0.0,2,8
16135c-01-052,530949.524219972,4388541.47978758,0.0,25.8,0.0,0.0,0.0,0.0,0.0,0.0,0.0,0.0,0.0,0.0,0.0,0.0,0.0,0.0,0.0,2,8
16135c-01-053,530963.219771186,4388542.63246327,0.0,23.0,0.0,0.0,0.0,0.0,0.0,0.0,0.0,0.0,0.0,0.0,0.0,0.0,0.0,0.0,0.0,2,8
16135c-01-055,530966.871513974,4388562.72222197,0.0,3.7,0.0,0.0,0.0,0.0,0.0,0.0,0.0,0.0,0.0,0.0,0.0,0.0,0.0,0.0,0.0,2,8
16135c-01-058,530942.603542492,4388558.16864619,0.0,0.0,0.0,0.0,0.0,0.0,41.0,0.0,0.0,0.0,0.0,0.0,0.0,0.0,0.0,0.0,0.0,0,8
16135c-01-059,530938.073937708,4388552.49462798,0.0,9.7,0.0,0.0,0.0,0.0,0.0,0.0,0.0,0.0,0.0,0.0,0.0,0.0,0.0,0.0,0.0,2,8
16135c-01-060,530931.722330974,4388552.8320483,0.0,30.9,0.0,0.0,0.0,0.0,0.0,0.0,0.0,0.0,0.0,0.0,0.0,0.0,0.0,0.0,0.0,2,8
16135c-01-061,530925.141430179,4388545.78245974,0.0,8.0,0.0,0.0,0.0,0.0,0.0,0.0,0.0,0.0,0.0,0.0,0.0,0.0,0.0,0.0,0.0,2,8
16135c-01-062,530870.608973027,4388550.61472162,0.0,78.4,0.0,0.0,0.0,0.0,43.8,0.0,0.0,0.0,0.0,0.0,0.0,0.0,0.0,0.0,64.0,1,8
16135c-13-001,530905.33,4388580.22,0.0,5.1,0.0,0.0,0.0,0.0,0.0,0.0,0.0,0.0,0.0,0.0,0.0,0.0,0.0,0.0,0.0,2,8
16135c-13-002,530910.77,4388561.84,0.0,24.1,0.0,0.0,0.0,0.0,0.0,0.0,0.0,0.0,0.0,0.0,0.0,0.0,0.0,0.0,0.0,2,8
16135c-13-003,530920.44,4388563.73,0.0,43.7,0.0,0.0,0.0,0.0,0.0,0.0,0.0,0.0,0.0,0.0,0.0,0.0,0.0,0.0,0.0,2,8
16135c-13-005,530924.29,4388610.06,0.0,8.2,0.0,0.0,0.0,0.0,5.5,0.0,0.0,0.0,0.0,0.0,0.0,0.0,0.0,0.0,0.0,1,8
16135c-13-008,530970.0,4388601.22,0.0,49.5,0.0,0.0,0.0,0.0,0.0,0.0,0.0,0.0,0.0,0.0,0.0,0.0,0.0,0.0,0.0,2,8
16135c-13-012,531015.49,4388609.75,0.0,6.3,0.0,0.0,0.0,0.0,0.0,0.0,0.0,0.0,0.0,0.0,0.0,0.0,0.0,0.0,0.0,2,8
16135c-13-017,530984.76,4388579.08,0.0,29.0,0.0,0.0,0.0,0.0,0.0,0.0,0.0,0.0,0.0,0.0,0.0,0.0,0.0,0.0,0.0,2,8
16135c-13-019,530983.37,4388560.17,0.0,9.6,0.0,0.0,0.0,0.0,9.9,0.0,0.0,0.0,0.0,0.0,0.0,0.0,0.0,0.0,53.5,1,8
16135c-13-020,530975.48,4388563.94,0.0,33.7,0.0,0.0,0.0,0.0,9.0,0.0,0.0,0.0,0.0,0.0,0.0,0.0,0.0,0.0,0.0,1,8
16135c-13-022,530953.76,4388554.3,0.0,16.2,0.0,0.0,0.0,0.0,27.1,0.0,0.0,0.0,0.0,0.0,0.0,0.0,0.0,0.0,0.0,1,8
16135c-13-023,530945.31,4388550.27,0.0,167.6,0.0,0.0,0.0,0.0,0.0,0.0,0.0,0.0,0.0,0.0,0.0,0.0,0.0,0.0,0.0,2,8
16135c-13-024,530935.93,4388543.49,0.0,83.39999999999999,0.0,0.0,0.0,0.0,16.1,0.0,0.0,0.0,0.0,40.1,0.0,0.0,0.0,0.0,0.0,1,8
16135c-13-201,531043.27,4388562.46,0.0,0.0,0.0,0.0,0.0,0.0,0.0,0.0,0.0,0.0,0.0,0.0,0.0,0.0,0.0,0.0,11.1,0,8
16135c-14-405,531062.29,4388599.2,0.0,0.0,0.0,0.0,0.0,0.0,0.0,0.0,0.0,0.0,0.0,0.0,0.0,0.0,0.0,0.0,78.1,0,8
16135c-14-408,530898.82,4388605.76,0.0,0.0,0.0,0.0,0.0,0.0,0.0,4.1,0.0,0.0,0.0,0.0,0.0,0.0,0.0,0.0,0.0,3,8
16135c-14-409,530899.57,4388566.91,0.0,0.0,2.1,0.0,0.0,0.0,0.0,0.0,0.0,0.0,0.0,0.0,0.0,0.0,0.0,0.0,0.0,3,8
16135c-14-410,530915.87,4388546.89,0.0,0.0,0.0,0.0,0.0,0.0,14.1,0.0,0.0,0.0,0.0,0.0,0.0,0.0,0.0,0.0,0.0,0,8
16135c-14-411,530944.45,4388565.87,0.0,110.8,0.0,0.0,0.0,0.0,15.2,0.0,0.0,0.0,0.0,0.0,0.0,0.0,0.0,0.0,0.0,1,8
16135c-14-412,530951.34,4388581.33,0.0,70.5,0.0,0.0,0.0,0.0,0.0,0.0,0.0,0.0,0.0,0.0,0.0,0.0,0.0,0.0,0.0,2,8
16135c-14-413,530921.33,4388597.19,0.0,97.59999999999998,0.0,0.0,0.0,0.0,44.2,0.0,0.0,0.0,0.0,225.6,0.0,0.0,0.0,0.0,58.7,1,8
16135c-14-414,530931.93,4388585.58,0.0,29.5,0.0,0.0,0.0,0.0,0.0,0.0,0.0,0.0,0.0,0.0,0.0,0.0,0.0,0.0,0.0,2,8
16135c-14-415,530941.63,4388584.84,0.0,8.5,0.0,0.0,0.0,0.0,23.3,0.0,0.0,0.0,0.0,21.0,0.0,0.0,0.0,0.0,0.0,1,8
16135c-14-416,530942.03,4388590.84,0.0,322.4,0.0,0.0,0.0,0.0,23.5,0.0,0.0,0.0,0.0,31.7,0.0,0.0,0.0,0.0,0.0,1,8
16135c-14-417,530948.24,4388584.87,0.0,74.19999999999999,10.8,0.0,0.0,0.0,0.0,0.0,0.0,0.0,0.0,0.0,0.0,0.0,0.0,0.0,0.0,2,8
16135c-14-418,530961.28,4388583.14,0.0,27.700000000000003,0.0,0.0,0.0,0.0,0.0,0.0,0.0,0.0,0.0,0.0,0.0,0.0,0.0,0.0,35.6,1,8
16135c-14-419,530966.35,4388583.61,0.0,124.0,0.0,0.0,0.0,0.0,0.0,0.0,0.0,0.0,0.0,0.0,0.0,0.0,0.0,0.0,0.0,2,8
16135c-14-420,530967.82,4388580.06,0.0,49.8,0.0,0.0,0.0,0.0,0.0,0.0,0.0,0.0,0.0,0.0,0.0,0.0,0.0,0.0,0.0,2,8
16135c-14-421,530941.88,4388565.97,0.0,34.7,0.0,0.0,0.0,0.0,0.0,0.0,0.0,0.0,0.0,0.0,0.0,0.0,0.0,0.0,0.0,2,8
16135c-14-422,530939.37,4388571.74,0.0,73.5,0.0,0.0,0.0,0.0,24.0,0.0,0.0,0.0,0.0,0.0,0.0,0.0,0.0,0.0,0.0,1,8
16135c-14-423,530934.48,4388570.61,0.0,25.8,0.0,0.0,0.0,0.0,99.4,0.0,0.0,0.0,0.0,0.0,0.0,0.0,0.0,0.0,0.0,1,8
16135c-14-424,530926.82,4388576.12,0.0,4.3,0.0,0.0,0.0,0.0,13.9,0.0,0.0,0.0,0.0,0.0,0.0,0.0,0.0,0.0,0.0,1,8
16135c-14-425,530959.86,4388532.31,0.0,16.299999999999997,0.0,0.0,0.0,0.0,0.0,0.0,0.0,0.0,0.0,0.0,0.0,0.0,0.0,0.0,117.7,1,8
16135c-14-426,530947.24,4388533.26,0.0,75.3,0.0,0.0,0.0,0.0,32.5,0.0,0.0,0.0,0.0,5.2,0.0,0.0,0.0,0.0,0.0,1,8
16135c-14-427,530940.4,4388527.23,0.0,10.1,0.0,0.0,0.0,0.0,10.8,0.0,0.0,0.0,0.0,0.0,0.0,0.0,0.0,0.0,0.0,1,8
16135c-14-429,530922.41,4388520.5,0.0,0.0,0.0,0.0,0.0,0.0,253.7,0.0,0.0,0.0,0.0,0.0,0.0,0.0,0.0,0.0,0.0,0,8
16135c-16-101,530905.05,4388570.58,0.0,37.0,0.0,0.0,0.0,0.0,0.0,0.0,0.0,0.0,0.0,0.0,0.0,0.0,0.0,0.0,0.0,2,8
16135c-16-102,530927.73,4388561.32,0.0,75.1,0.0,0.0,0.0,0.0,0.0,0.0,0.0,0.0,0.0,158.8,0.0,0.0,0.0,0.0,0.0,1,8
16135c-16-103,530948.29,4388568.8,0.0,21.0,0.0,0.0,0.0,0.0,0.0,0.0,0.0,0.0,0.0,0.0,0.0,0.0,0.0,0.0,0.0,2,8
16135c-16-105,530906.55,4388588.15,0.0,42.0,0.0,0.0,0.0,0.0,128.0,0.0,0.0,0.0,0.0,0.0,0.0,0.0,0.0,0.0,0.0,1,8
16135c-16-106,530918.07,4388586.28,0.0,116.5,0.4,3.7,0.0,0.0,22.3,0.0,0.0,0.0,0.0,0.0,0.0,0.0,0.0,0.0,203.2,1,8
16135c-16-107,530914.93,4388577.26,0.0,31.9,0.0,0.0,0.0,0.0,0.0,0.0,0.0,0.0,0.0,0.0,0.0,0.0,0.0,0.0,0.0,2,8
16135c-16-108,530908.87,4388578.2,0.0,13.8,3.6,0.0,0.0,0.0,0.0,0.0,0.0,0.0,0.0,0.0,0.0,0.0,0.0,0.0,0.0,2,8
16135c-16-109,530915.18,4388589.86,0.0,54.2,2.3,0.0,0.0,0.0,35.7,0.0,0.0,0.0,0.0,0.0,0.0,0.0,0.0,0.0,0.0,1,8
16135c-16-110,530906.46,4388590.56,0.0,27.7,0.0,0.0,0.0,0.0,0.0,0.0,0.0,0.0,0.0,0.0,0.0,0.0,0.0,0.0,0.0,2,8
16135c-16-111,530935.87,4388563.87,0.0,7.1,0.0,0.0,0.0,0.0,13.8,0.0,0.0,0.0,0.0,91.2,0.0,0.0,0.0,0.0,0.0,1,8
16135c-16-112,530957.55,4388522.07,0.0,24.4,0.0,0.0,0.0,0.0,16.8,0.0,0.0,0.0,0.0,0.0,0.0,0.0,0.0,0.0,0.0,1,8
16135c-16-113,530949.29,4388522.08,0.0,34.9,0.0,0.0,0.0,0.0,10.3,0.0,0.0,0.0,0.0,0.0,0.0,0.0,0.0,0.0,0.0,1,8
16135c-16-114,530942.41,4388515.03,0.0,12.7,0.0,0.0,0.0,0.0,0.0,0.0,0.0,0.0,0.0,0.0,0.0,0.0,0.0,0.0,0.0,2,8
16135c-16-115,530933.17,4388514.04,0.0,0.0,0.0,0.0,0.0,0.0,11.7,0.0,0.0,0.0,0.0,0.0,0.0,0.0,0.0,0.0,0.0,0,8
16135c-17-101,530847.78,4388602.33,0.0,31.3,0.0,0.0,0.0,0.0,101.8,0.0,0.0,0.0,0.0,11.3,0.0,0.0,0.0,0.0,0.0,1,8
16135c-17-102,530852.87,4388595.47,0.0,4.1,0.0,0.0,0.0,0.0,30.0,0.0,0.0,0.0,0.0,0.0,0.0,0.0,0.0,0.0,78.5,1,8
16135c-17-103,530856.42,4388586.94,0.0,0.0,0.0,0.0,0.0,0.0,3.3,0.0,0.0,0.0,0.0,0.0,0.0,0.0,0.0,0.0,0.0,0,8
16135c-17-104,530861.24,4388582.85,0.0,25.1,0.0,0.0,0.0,0.0,74.1,0.0,0.0,0.0,0.0,151.8,0.0,0.0,0.0,0.0,91.1,1,8
16135c-17-105,530868.48,4388575.89,0.0,30.9,0.0,0.0,0.0,0.0,0.0,0.0,0.0,0.0,0.0,0.0,0.0,0.0,0.0,0.0,241.6,1,8
16135c-17-106,530872.03,4388567.36,0.0,57.9,0.0,0.0,0.0,0.0,40.1,0.0,0.0,0.0,0.0,0.0,0.0,0.0,0.0,0.0,0.0,1,8
16135c-17-107,530881.14,4388562.51,0.0,217.5,0.0,0.0,0.0,0.0,14.4,0.0,0.0,0.0,0.0,13.6,0.0,0.0,0.0,0.0,38.9,1,8
16135c-17-108,530888.72,4388555.44,0.0,146.29999999999998,0.0,0.0,0.0,0.0,142.5,0.0,0.0,0.0,0.0,87.5,0.0,0.0,0.0,0.0,31.0,1,8
16135c-17-109,530898.94,4388552.93,0.0,64.2,0.0,0.0,0.0,0.0,0.0,0.0,0.0,0.0,0.0,0.0,0.0,0.0,0.0,0.0,0.0,2,8
16135c-17-110,530904.02,4388549.17,0.0,5.4,0.0,0.0,0.0,0.0,0.0,0.0,0.0,0.0,0.0,73.0,0.0,0.0,0.0,0.0,0.0,1,8
16135c-28-409,531032.19,4388583.99,0.0,3.5,0.0,0.0,0.0,0.0,0.0,0.0,0.0,0.0,0.0,0.0,0.0,0.0,0.0,0.0,0.0,2,8
16135c-29-411,531025.45,4388591.61,0.0,4.4,0.0,0.0,0.0,0.0,0.0,0.0,0.0,0.0,0.0,0.0,0.0,0.0,0.0,0.0,0.0,2,8
16135c-32-102,530863.51,4388616.65,0.0,6.5,0.0,0.0,0.0,0.0,0.0,0.0,0.0,0.0,0.0,0.0,0.0,0.0,0.0,0.0,0.0,2,8
16135c-32-103,530861.58,4388615.14,0.0,8.3,0.0,0.0,0.0,0.0,36.5,0.0,0.0,0.0,0.0,0.0,0.0,0.0,0.0,0.0,0.0,1,8
16135c-32-104,530861.45,4388610.49,0.0,16.1,0.0,0.0,0.0,0.0,78.80000000000001,0.0,0.0,0.0,0.0,61.2,0.0,0.0,0.0,0.0,0.0,1,8
16135c-32-105,530862.32,4388609.43,0.0,32.3,0.0,0.0,0.0,0.0,19.4,0.0,0.0,0.0,0.0,0.0,0.0,0.0,0.0,0.0,89.5,1,8
16135c-32-106,530858.16,4388604.26,0.0,3.0,0.0,0.0,0.0,0.0,0.0,0.0,0.0,0.0,0.0,0.0,0.0,0.0,0.0,0.0,0.0,2,8
16135c-32-107,530859.15,4388600.67,0.0,0.0,0.0,0.0,0.0,0.0,0.0,0.0,0.0,0.0,0.0,0.0,0.0,0.0,0.0,0.0,13.6,0,8
16135c-32-108,530862.06,4388601.41,0.0,0.0,0.0,0.0,0.0,0.0,33.5,0.0,0.0,0.0,0.0,0.0,0.0,0.0,0.0,0.0,0.0,0,8
16135c-32-109,530861.48,4388595.3,0.0,53.0,0.0,0.0,0.0,0.0,108.2,0.0,0.0,0.0,0.0,105.7,0.0,0.0,0.0,0.0,198.5,1,8
16135c-32-112,530865.28,4388596.49,0.0,4.9,0.0,0.0,0.0,0.0,24.0,0.0,0.0,0.0,0.0,0.0,0.0,0.0,0.0,0.0,24.9,1,8
16135c-32-113,530862.38,4388602.68,0.0,57.9,0.0,0.0,0.0,0.0,61.4,0.0,0.0,0.0,0.0,0.0,0.0,0.0,0.0,0.0,0.0,1,8
16135c-32-114,530862.68,4388605.92,0.0,50.8,0.0,0.0,0.0,0.0,0.0,0.0,0.0,0.0,0.0,0.0,0.0,0.0,0.0,0.0,0.0,2,8
16135c-32-117,530873.7,4388604.03,0.0,17.4,0.0,0.0,0.0,0.0,0.0,0.0,0.0,0.0,0.0,0.0,0.0,0.0,0.0,0.0,71.3,1,8
16135c-32-118,530871.93,4388598.64,0.0,1.8,0.0,0.0,0.0,0.0,0.0,0.0,0.0,0.0,0.0,0.0,0.0,0.0,0.0,0.0,0.0,2,8
16135c-32-119,530871.73,4388594.95,0.0,4.2,0.0,0.0,0.0,0.0,0.0,0.0,0.0,0.0,0.0,9.4,0.0,0.0,0.0,0.0,40.2,1,8
16135c-32-120,530874.1,4388588.97,0.0,22.3,0.0,0.0,0.0,0.0,119.3,0.0,0.0,0.0,0.0,5.3,0.0,0.0,0.0,0.0,0.0,1,8
16135c-32-121,530874.46,4388580.43,0.0,0.0,0.0,0.0,0.0,0.0,0.0,0.0,0.0,0.0,0.0,28.1,0.0,0.0,0.0,0.0,0.0,0,8
16135c-32-122,530878.86,4388574.12,0.0,20.33,0.0,0.0,0.0,0.0,47.1,0.0,0.0,0.0,0.0,0.0,0.0,0.0,0.0,0.0,0.0,1,8
16135c-32-123,530883.62,4388569.52,0.0,0.0,0.0,0.0,0.0,0.0,41.2,0.0,0.0,0.0,0.0,0.0,0.0,0.0,0.0,0.0,0.0,0,8
16135c-32-124,530890.76,4388567.52,0.0,10.6,0.0,0.0,0.0,0.0,38.1,0.0,0.0,0.0,0.0,0.0,0.0,0.0,0.0,0.0,0.0,1,8
16135c-32-125,530896.84,4388564.92,0.0,17.599999999999998,0.0,0.0,0.0,0.0,61.4,0.0,0.0,0.0,0.0,4.2,0.0,0.0,0.0,0.0,0.0,1,8
16135d-13-107,530965.18,4388490.72,0.0,0.0,0.0,0.0,0.0,0.0,0.0,0.0,0.0,0.0,0.0,12.0,0.0,0.0,0.0,0.0,0.0,0,8
16135d-14-301,531077.21,4388517.24,0.0,0.0,0.0,0.0,0.0,3.8,0.0,0.0,0.0,0.0,0.0,0.0,0.0,0.0,0.0,0.0,96.1,0,8
16135d-14-302,531072.54,4388525.32,0.0,14.0,0.0,0.0,0.0,0.0,34.4,0.0,0.0,0.0,0.0,0.0,0.0,0.0,0.0,0.0,36.5,1,8
16135d-14-303,531072.17,4388532.87,0.0,0.0,0.0,0.0,0.0,0.0,0.0,0.0,0.0,0.0,0.0,0.0,0.0,0.0,0.0,0.0,48.7,0,8
16135d-14-306,531050.39,4388550.54,0.0,50.0,0.0,0.0,0.0,0.0,42.7,0.0,0.0,0.0,0.0,0.0,0.0,0.0,0.0,0.0,39.3,1,8
16135d-14-312,530943.18,4388496.84,0.0,0.0,0.0,0.0,0.0,0.0,0.0,0.0,0.0,0.0,0.0,0.0,0.0,0.0,0.0,6.5,0.0,3,8
16135d-14-313,530941.52,4388504.49,0.0,28.8,0.0,0.0,0.0,5.4,48.7,0.0,0.0,0.0,0.0,0.0,0.0,11.7,0.0,0.0,0.0,1,8
16135d-26-203,531076.33,4388531.03,0.0,0.0,0.0,0.0,0.0,0.0,12.9,0.0,0.0,0.0,0.0,0.0,0.0,0.0,0.0,0.0,0.0,0,8
16135d-26-212,530982.19,4388484.6,0.0,27.2,0.0,0.0,0.0,0.0,0.0,0.0,0.0,0.0,0.0,0.0,0.0,0.0,0.0,0.0,0.0,2,8
16135d-28-316,530966.79,4388483.36,0.0,5.0,0.0,0.0,0.0,0.0,57.4,0.0,0.0,0.0,0.0,0.0,0.0,0.0,0.0,0.0,0.0,1,8
16135d-28-317,530963.94,4388486.25,0.0,0.0,0.0,0.0,0.0,0.0,97.7,0.0,0.0,0.0,5.9,0.0,0.0,0.0,0.0,0.0,0.0,0,8
16135d-28-318,530960.28,4388493.66,0.0,7.4,0.0,0.0,0.0,0.0,11.4,0.0,0.0,0.0,0.0,0.0,0.0,0.0,0.0,0.0,1.5,1,8
16135d-28-319,530909.6,4388503.31,0.0,7.8,0.0,0.0,0.0,0.0,43.1,0.0,0.0,0.0,0.0,0.0,0.0,0.0,0.0,0.0,0.0,1,8
16135d-29-227,531100.26,4388530.48,0.0,0.0,0.0,0.0,0.0,0.0,0.0,0.0,0.0,0.0,0.0,0.0,0.0,0.0,0.0,0.0,19.0,0,8
16135d-29-304,531060.33,4388517.1,0.0,0.0,0.0,0.0,0.0,0.0,22.5,0.0,0.0,0.0,0.0,0.0,0.0,0.0,0.0,0.0,0.0,0,8
16135d-29-305,531054.21,4388520.23,0.0,0.0,0.0,0.0,0.0,0.0,50.0,0.0,0.0,0.0,0.0,0.0,0.0,0.0,0.0,0.0,94.0,0,8
16135d-29-306,531051.26,4388525.55,0.0,33.8,0.0,0.0,0.0,0.0,21.9,0.0,0.0,0.0,0.0,0.0,9.4,0.0,0.0,0.0,91.2,1,8
16135d-29-312,531002.94,4388496.85,0.0,0.0,0.0,0.0,0.0,0.0,25.4,0.0,0.0,0.0,0.0,0.0,0.0,0.0,0.0,0.0,0.0,0,8
16135d-30-311,531029.72,4388483.1,0.0,0.0,0.0,0.0,0.0,0.0,0.0,0.0,0.0,0.0,0.0,0.0,0.0,0.0,22.2,0.0,0.0,0,8
161360-01-005,531058.95890014,4388488.35516691,0.0,0.0,0.0,0.0,0.0,0.0,0.0,0.0,0.0,0.0,0.0,8.8,0.0,0.0,0.0,0.0,0.0,0,8
161360-01-008,531083.281406435,4388502.61169224,0.0,0.0,0.0,0.0,0.0,0.0,0.0,0.0,0.0,0.0,0.0,88.2,0.0,0.0,0.0,0.0,0.0,0,8
161360-01-020,531111.758710326,4388479.963476,0.0,3.6,0.0,0.0,0.0,0.0,0.0,0.0,0.0,0.0,0.0,0.0,0.0,0.0,0.0,0.0,0.0,2,8
161360-01-022,531097.039411401,4388470.4891412,0.0,0.0,0.0,0.0,0.0,0.0,0.0,0.0,0.0,0.0,0.0,0.0,0.0,0.0,0.0,0.0,12.5,0,8
161360-01-023,531086.305859199,4388464.2128735,0.0,0.0,0.0,0.0,0.0,0.0,0.0,0.0,0.0,0.0,0.0,0.0,0.0,0.0,0.0,0.0,25.3,0,8
161360-01-029,531040.655753962,4388440.17690265,0.0,0.0,0.0,0.0,0.0,0.0,39.0,0.0,0.0,0.0,0.0,0.0,0.0,0.0,0.0,0.0,0.0,0,8
161360-01-030,531032.457660902,4388434.68348859,0.0,0.0,0.0,0.0,0.0,0.0,0.0,0.0,0.0,0.0,0.0,43.7,0.0,0.0,0.0,0.0,0.0,0,8
161360-01-032,531014.753958362,4388425.13281984,0.0,0.0,0.0,0.0,0.0,0.0,14.2,0.0,0.0,0.0,0.0,8.6,0.0,0.0,0.0,0.0,0.0,0,8
161360-01-033,531005.344388237,4388418.63891516,0.0,0.0,0.0,0.0,0.0,0.0,0.0,0.0,0.0,0.0,0.0,28.8,0.0,0.0,0.0,0.0,0.0,0,8
161360-01-042,531056.652616092,4388471.7401991,0.0,0.0,0.0,0.0,0.0,0.0,0.0,0.0,0.0,0.0,0.0,0.0,0.0,0.0,0.0,0.0,9.6,0,8
161360-01-043,531065.326600963,4388475.12471411,0.0,0.0,0.0,0.0,0.0,0.0,0.0,0.0,0.0,0.0,0.0,0.0,0.0,0.0,0.0,0.0,28.2,0,8
161360-01-052,531042.742885783,4388375.5406253,0.0,0.0,0.0,0.0,0.0,0.0,26.0,0.0,0.0,0.0,0.0,0.0,0.0,0.0,0.0,0.0,49.4,0,8
161360-01-053,531054.225584168,4388381.57790056,0.0,0.0,0.0,0.0,0.0,0.0,10.2,0.0,0.0,0.0,0.0,10.4,0.0,0.0,0.0,0.0,20.2,0,8
161360-01-054,531062.746455961,4388387.29693156,0.0,0.0,0.0,0.0,0.0,0.0,16.2,0.0,0.0,0.0,0.0,0.0,0.0,0.0,0.0,0.0,0.0,0,8
161360-01-055,531070.565469873,4388392.26731845,0.0,0.0,0.0,0.0,0.0,0.0,23.3,0.0,0.0,0.0,0.0,34.4,0.0,0.0,0.0,0.0,0.0,0,8
161360-01-056,531081.773755176,4388396.78746513,0.0,0.0,0.0,0.0,0.0,0.0,34.7,0.0,0.0,0.0,0.0,0.0,0.0,0.0,0.0,0.0,0.0,0,8
161360-01-057,531089.394225007,4388404.62271942,0.0,0.0,0.0,0.0,0.0,0.0,11.5,0.0,0.0,0.0,0.0,0.0,0.0,0.0,0.0,0.0,0.0,0,8
161360-01-058,531097.275363966,4388408.47797897,0.0,0.0,0.0,0.0,0.0,0.0,0.0,0.0,0.0,0.0,0.0,17.4,0.0,0.0,0.0,0.0,0.0,0,8
161360-01-060,531112.28166906,4388419.9156971,0.0,0.0,0.0,0.0,0.0,0.0,0.0,0.0,0.0,0.0,0.0,0.0,0.0,0.0,0.0,0.0,16.6,0,8
161360-01-062,531130.239021882,4388430.75161721,0.0,0.0,0.0,0.0,0.0,0.0,0.0,0.0,0.0,0.0,49.2,0.0,0.0,0.0,0.0,0.0,0.0,3,8
161360-01-063,531138.073672587,4388435.39805891,0.0,20.5,0.0,0.0,0.0,0.0,36.7,0.0,0.0,0.0,0.0,0.0,0.0,0.0,0.0,0.0,0.0,1,8
161360-01-064,531146.640668487,4388436.8089081,0.0,131.0,0.0,0.0,0.0,0.0,0.0,0.0,0.0,0.0,0.0,0.0,0.0,0.0,0.0,0.0,38.6,1,8
161360-01-067,531154.119187088,4388419.2479192,0.0,0.0,0.0,0.0,0.0,0.0,29.8,0.0,0.0,0.0,0.0,0.0,0.0,0.0,0.0,0.0,0.0,0,8
161360-01-069,531137.69575787,4388411.46025875,0.0,0.0,0.0,0.0,0.0,0.0,19.4,0.0,0.0,0.0,0.0,17.6,0.0,0.0,0.0,0.0,0.0,0,8
161360-01-070,531129.311223689,4388407.63067018,0.0,0.0,0.0,0.0,0.0,0.0,21.700000000000003,0.0,0.0,0.0,0.0,71.9,0.0,0.0,0.0,0.0,0.0,0,8
161360-01-071,531121.848998137,4388401.56290641,0.0,0.0,0.0,0.0,0.0,0.0,0.0,0.0,0.0,0.0,0.0,18.8,0.0,0.0,0.0,0.0,0.0,0,8
161360-01-072,531112.852290262,4388396.15042792,0.0,0.0,0.0,0.0,0.0,0.0,0.0,0.0,0.0,0.0,0.0,68.5,0.0,0.0,0.0,0.0,7.3,0,8
161360-01-073,531107.114326473,4388392.31268375,0.0,0.0,0.0,0.0,0.0,0.0,21.1,0.0,0.0,0.0,0.0,0.0,0.0,0.0,0.0,0.0,0.0,0,8
161360-01-076,531075.091927702,4388373.74542456,0.0,0.0,0.0,0.0,0.0,0.0,0.0,0.0,0.0,0.0,0.0,106.6,0.0,0.0,0.0,0.0,0.0,0,8
161360-01-077,531075.091926661,4388373.74585991,0.0,0.0,0.0,0.0,0.0,0.0,0.0,0.0,0.0,0.0,0.0,0.0,0.0,0.0,0.0,0.0,10.1,0,8
161360-01-079,531052.758688082,4388360.10182062,0.0,0.0,0.0,0.0,0.0,0.0,0.0,0.0,0.0,0.0,0.0,98.5,0.0,0.0,0.0,0.0,0.0,0,8
161360-01-080,531045.508370781,4388356.76079301,0.0,0.0,0.0,0.0,0.0,0.0,0.0,0.0,0.0,0.0,0.0,8.6,0.0,0.0,0.0,0.0,21.7,0,8
161360-01-083,531020.651332411,4388341.15265834,0.0,0.0,0.0,0.0,0.0,0.0,10.2,0.0,0.0,0.0,0.0,0.0,0.0,0.0,0.0,0.0,0.0,0,8
161360-14-104,531050.72,4388468.97,0.0,0.0,0.0,0.0,0.0,0.0,0.0,0.0,0.0,0.0,0.0,12.6,0.0,0.0,0.0,0.0,0.0,0,8
161360-14-106,531071.27,4388479.26,0.0,0.0,0.0,0.0,0.0,0.0,0.0,0.0,0.0,0.0,0.0,77.3,0.0,0.0,0.0,0.0,0.0,0,8
161360-14-108,531086.92,4388492.31,0.0,0.0,0.0,0.0,0.0,0.0,21.3,0.0,0.0,0.0,0.0,0.0,0.0,0.0,0.0,0.0,10.9,0,8
161360-14-109,531097.8,4388497.24,0.0,3.5,0.0,0.0,0.0,0.0,0.0,0.0,0.0,0.0,0.0,0.0,0.0,0.0,0.0,0.0,0.0,2,8
161360-14-117,531133.1,4388486.95,0.0,0.0,0.0,0.0,0.0,0.0,0.0,0.0,0.0,0.0,0.0,47.3,0.0,0.0,0.0,0.0,0.0,0,8
161360-14-120,531111.29,4388469.54,0.0,0.0,0.0,0.0,0.0,0.0,0.0,0.0,0.0,0.0,0.0,0.0,0.0,0.0,0.0,0.0,16.7,0,8
161360-14-122,531092.79,4388461.59,0.0,0.0,0.0,0.0,0.0,0.0,0.0,0.0,0.0,0.0,0.0,0.0,0.0,0.0,0.0,0.0,20.3,0,8
161360-14-123,531085.95,4388455.79,0.0,0.0,0.0,0.0,0.0,0.0,9.5,0.0,0.0,0.0,0.0,0.0,0.0,0.0,0.0,0.0,0.0,0,8
161360-14-129,531035.36,4388426.62,0.0,0.0,0.0,0.0,0.0,0.0,0.0,0.0,0.0,0.0,0.0,234.4,0.0,0.0,0.0,0.0,0.0,0,8
161360-14-130,531025.43,4388420.14,0.0,3.2,0.0,0.0,0.0,0.0,140.3,0.0,0.0,0.0,0.0,259.0,0.0,0.0,0.0,0.0,80.30000000000001,1,8
161360-14-131,531015.51,4388413.67,0.0,0.0,0.0,0.0,0.0,0.0,12.8,0.0,0.0,0.0,0.0,5.6,0.0,0.0,0.0,0.0,40.6,0,8
161360-14-133,531000.87,4388404.62,0.0,0.0,0.0,0.0,0.0,0.0,54.6,7.5,0.0,0.0,0.0,0.0,0.0,0.0,0.0,0.0,16.8,0,8
161360-14-146,531028.78,4388355.12,0.0,4.0,0.0,0.0,0.0,0.0,0.0,0.0,0.0,0.0,0.0,0.0,0.0,0.0,0.0,0.0,0.0,2,8
161360-14-149,531059.86,4388372.67,0.0,0.0,0.0,0.0,0.0,0.0,11.8,0.0,0.0,0.0,0.0,0.0,0.0,0.0,0.0,0.0,0.0,0,8
161360-14-150,531066.1,4388378.8,0.0,0.0,0.0,0.0,0.0,0.0,60.4,0.0,0.0,0.0,0.0,19.9,0.0,0.0,0.0,0.0,0.0,0,8
161360-14-151,531073.19,4388385.49,0.0,0.0,0.0,0.0,0.0,0.0,5.9,0.0,0.0,0.0,0.0,0.0,0.0,0.0,0.0,0.0,68.4,0,8
161360-14-154,531102.13,4388402.03,0.0,0.0,0.0,0.0,0.0,0.0,0.0,0.0,0.0,0.0,0.0,0.0,0.0,0.0,0.0,0.0,47.3,0,8
161360-14-155,531108.55,4388406.16,0.0,0.0,0.0,0.0,0.0,0.0,6.2,0.0,0.0,0.0,0.0,0.0,0.0,0.0,0.0,0.0,0.0,0,8
161360-14-156,531116.0,4388409.08,0.0,0.0,0.0,0.0,0.0,0.0,41.91,0.0,0.0,0.0,0.0,32.7,0.0,0.0,0.0,0.0,22.7,0,8
161360-14-159,531142.62,4388425.83,0.0,0.0,0.0,0.0,0.0,0.0,0.0,0.0,0.0,0.0,0.0,68.2,0.0,0.0,0.0,0.0,0.0,0,8
161360-14-160,531151.96,4388427.09,0.0,10.8,0.0,0.0,0.0,0.0,0.0,0.0,0.0,0.0,0.0,0.0,0.0,0.0,0.0,0.0,24.68,1,8
161360-14-161,531161.28,4388434.56,0.0,0.0,0.0,0.0,0.0,0.0,8.8,0.0,0.0,0.0,0.0,0.0,0.0,0.0,0.0,0.0,0.0,0,8
161360-14-164,531118.81,4388392.55,0.0,0.0,0.0,0.0,0.0,0.0,0.0,0.0,0.0,0.0,0.0,0.0,0.0,0.0,0.0,0.0,29.2,0,8
161360-14-165,531113.59,4388389.53,0.0,0.0,0.0,0.0,0.0,0.0,0.0,0.0,0.0,0.0,0.0,0.0,0.0,0.0,0.0,0.0,29.4,0,8
161360-14-166,531105.03,4388384.28,0.0,0.0,0.0,0.0,0.0,0.0,0.0,0.0,0.0,0.0,0.0,41.3,0.0,0.0,0.0,0.0,0.0,0,8
161360-14-168,531085.69,4388372.0,0.0,0.0,0.0,0.0,0.0,0.0,0.0,0.0,0.0,0.0,0.0,17.7,0.0,0.0,0.0,0.0,0.0,0,8
161360-14-169,531077.39,4388366.19,0.0,0.0,0.0,0.0,0.0,0.0,0.0,0.0,0.0,0.0,0.0,19.1,0.0,0.0,0.0,0.0,0.0,0,8
161360-14-170,531061.26,4388364.91,0.0,0.0,0.0,0.0,0.0,0.0,0.0,0.0,0.0,0.0,0.0,14.8,0.0,0.0,0.0,0.0,0.0,0,8
161360-14-171,531054.7,4388354.45,0.0,0.0,0.0,0.0,0.0,0.0,0.0,0.0,60.4,0.0,0.0,0.0,0.0,0.0,0.0,0.0,28.1,0,8
161360-14-172,531048.36,4388351.87,0.0,0.0,0.0,0.0,0.0,0.0,0.0,0.0,0.0,0.0,0.0,0.0,0.0,0.0,0.0,0.0,104.0,0,8
161360-24-002,531026.22,4388452.54,0.0,0.0,0.0,0.0,0.0,0.0,3.8,0.0,0.0,0.0,0.0,0.0,0.0,0.0,0.0,0.0,0.0,0,8
161360-24-007,531069.02,4388467.89,0.0,0.0,0.0,0.0,0.0,0.0,0.0,0.0,0.0,0.0,0.0,11.7,0.0,0.0,0.0,0.0,0.0,0,8
161360-24-031,531049.94,4388420.52,0.0,0.0,0.0,0.0,0.0,0.0,0.0,0.0,0.0,0.0,0.0,0.0,0.0,0.0,0.0,0.0,71.7,0,8
161360-24-032,531041.09,4388415.4,0.0,0.0,0.0,0.0,0.0,0.0,19.5,0.0,0.0,0.0,0.0,0.0,0.0,0.0,0.0,0.0,18.8,0,8
161360-24-033,531034.58,4388411.84,0.0,0.0,0.0,0.0,0.0,0.0,20.2,0.0,0.0,0.0,0.0,71.8,0.0,0.0,0.0,0.0,33.8,0,8
161360-24-034,531026.31,4388404.96,0.0,0.0,0.0,0.0,0.0,0.0,0.0,0.0,0.0,0.0,0.0,0.0,0.0,0.0,0.0,0.0,9.7,0,8
161360-24-036,531010.69,4388396.28,0.0,0.0,0.0,0.0,0.0,0.0,21.0,0.0,0.0,0.0,0.0,0.0,0.0,0.0,0.0,0.0,0.0,0,8
161360-24-037,531001.36,4388391.3,0.0,0.0,0.0,0.0,0.0,0.0,12.2,0.0,0.0,0.0,0.0,26.7,0.0,0.0,0.0,0.0,0.0,0,8
161360-24-042,531012.19,4388364.31,0.0,0.0,0.0,0.0,0.0,0.0,15.5,0.0,0.0,0.0,0.0,0.0,0.0,0.0,0.0,0.0,0.0,0,8
161360-24-044,531029.58,4388376.46,0.0,0.0,0.0,0.0,0.0,0.0,7.0,0.0,0.0,0.0,0.0,0.0,0.0,0.0,0.0,0.0,38.1,0,8
161360-24-045,531037.68,4388383.21,0.0,0.0,0.0,0.0,0.0,0.0,0.0,0.0,0.0,0.0,0.0,28.0,0.0,0.0,0.0,0.0,0.0,0,8
161360-24-046,531044.81,4388388.16,0.0,0.0,0.0,0.0,0.0,0.0,7.7,0.0,0.0,0.0,0.0,15.15,0.0,0.0,0.0,0.0,46.1,0,8
161360-24-047,531054.44,4388392.97,0.0,0.0,0.0,0.0,0.0,0.0,0.0,0.0,0.0,0.0,0.0,65.3,0.0,0.0,0.0,0.0,0.0,0,8
161360-24-051,531087.02,4388412.19,0.0,0.0,0.0,0.0,0.0,0.0,24.0,0.0,0.0,0.0,0.0,37.7,0.0,0.0,0.0,0.0,0.0,0,8
161360-24-053,531101.42,4388422.84,0.0,0.0,0.0,0.0,0.0,0.0,20.4,0.0,0.0,0.0,0.0,24.0,0.0,0.0,0.0,0.0,0.0,0,8
161360-24-056,531126.4,4388435.53,0.0,0.0,4.2,0.0,0.0,0.0,0.0,0.0,0.0,0.0,0.0,0.0,0.0,0.0,0.0,0.0,0.0,3,8
161360-24-057,531135.08,4388440.17,0.0,0.0,0.0,0.0,0.0,0.0,0.0,0.0,0.0,0.0,0.0,3.7,0.0,0.0,0.0,0.0,0.0,0,8
161360-24-064,531099.66,4388367.63,0.0,0.0,0.0,0.0,0.0,0.0,40.3,0.0,0.0,0.0,0.0,0.0,0.0,0.0,0.0,0.0,30.1,0,8
161360-24-065,531093.85,4388363.22,0.0,0.0,0.0,0.0,0.0,0.0,0.0,0.0,0.0,0.0,0.0,100.2,0.0,0.0,0.0,0.0,0.0,0,8
161360-24-066,531084.32,4388360.11,0.0,0.0,0.0,0.0,0.0,0.0,10.9,0.0,0.0,0.0,0.0,0.0,0.0,0.0,0.0,0.0,0.0,0,8
161360-25-002,531035.64,4388484.0,0.0,8.3,0.0,0.0,0.0,0.0,0.0,0.0,0.0,0.0,0.0,0.0,0.0,0.0,0.0,0.0,0.0,2,8
161360-25-006,531070.22,4388505.67,0.0,0.0,0.0,0.0,0.0,0.0,51.9,0.0,0.0,0.0,0.0,0.0,0.0,0.0,0.0,0.0,0.0,0,8
161360-25-009,531100.51,4388526.21,0.0,0.0,0.0,0.0,0.0,0.0,6.0,0.0,0.0,0.0,0.0,0.0,0.0,0.0,0.0,0.0,0.0,0,8
161360-25-018,531117.89,4388451.04,0.0,0.0,0.0,0.0,0.0,0.0,0.0,0.0,0.0,0.0,0.0,26.3,0.0,0.0,0.0,0.0,0.0,0,8
161360-25-022,531078.6,4388426.46,0.0,0.0,0.0,0.0,0.0,0.0,4.4,0.0,0.0,0.0,0.0,0.0,0.0,0.0,0.0,0.0,0.0,0,8
161360-25-026,531046.6,4388404.8,0.0,0.0,0.0,0.0,0.0,0.0,0.0,0.0,0.0,0.0,0.0,0.0,0.0,0.0,0.0,0.0,12.5,0,8
161360-25-027,531039.07,4388399.33,0.0,0.0,0.0,0.0,0.0,0.0,9.4,0.0,0.0,0.0,0.0,0.0,0.0,0.0,0.0,0.0,5.4,0,8
161360-25-028,531031.2,4388395.53,0.0,0.0,0.0,0.0,0.0,0.0,25.9,0.0,0.0,0.0,0.0,10.3,0.0,0.0,0.0,0.0,0.0,0,8
161360-25-030,531013.55,4388387.8,0.0,0.0,0.0,0.0,0.0,0.0,47.2,0.0,0.0,0.0,0.0,0.0,0.0,0.0,0.0,0.0,0.0,0,8
161360-25-031,531007.14,4388381.67,0.0,0.0,0.0,0.0,0.0,0.0,0.0,0.0,0.0,0.0,0.0,9.5,0.0,0.0,0.0,0.0,0.0,0,8
161360-25-038,531019.85,4388380.17,0.0,0.0,0.0,0.0,0.0,0.0,0.0,0.0,0.0,0.0,0.0,0.0,0.0,0.0,0.0,0.0,63.5,0,8
161360-25-040,531032.24,4388390.54,0.0,0.0,0.0,0.0,0.0,0.0,0.0,0.0,0.0,0.0,0.0,0.0,0.0,0.0,0.0,0.0,31.6,0,8
161360-25-041,531043.8,4388397.35,0.0,4.5,0.0,0.0,0.0,0.0,33.5,0.0,0.0,0.0,0.0,0.0,0.0,0.0,0.0,0.0,25.6,1,8
161360-25-043,531059.29,4388408.07,0.0,0.0,0.0,0.0,0.0,17.200000000000003,12.7,0.0,0.0,0.0,0.0,0.0,0.0,0.0,0.0,0.0,0.0,0,8
161360-25-050,531116.14,4388438.38,0.0,0.0,0.0,0.0,0.0,0.0,40.1,0.0,0.0,0.0,0.0,0.0,0.0,0.0,0.0,0.0,0.0,0,8
161360-25-052,531134.73,4388446.0,0.0,0.0,0.0,0.0,0.0,0.0,32.8,0.0,0.0,0.0,0.0,0.0,0.0,0.0,0.0,0.0,0.0,0,8
161360-25-060,531027.22,4388339.13,0.0,0.0,0.0,0.0,0.0,0.0,0.0,0.0,0.0,0.0,0.0,14.4,0.0,0.0,0.0,0.0,0.0,0,8
16137a-01-005,530316.5139,4389262.397,0.0,0.0,0.0,0.0,0.0,0.0,0.0,0.0,0.0,0.0,0.0,90.5,0.0,0.0,0.0,0.0,0.0,0,-1
16137a-11-064,530542.9481,4389069.386,0.0,0.0,0.0,0.0,0.0,0.0,40.5,0.0,0.0,0.0,0.0,0.0,0.0,0.0,0.0,0.0,0.0,0,11
16137c-01-043,530621.5227,4388911.142,0.0,0.0,0.0,0.0,0.0,0.0,0.0,0.0,0.0,0.0,0.0,0.0,0.0,0.0,0.0,0.0,14.6,0,-1
16137c-01-053,530583.7321,4388827.808,0.0,47.8,0.0,0.0,0.0,0.0,0.0,0.0,0.0,0.0,0.0,0.0,0.0,0.0,0.0,0.0,0.0,2,10
16137c-01-130,530512.7995,4388917.642,0.0,0.0,0.0,0.0,0.0,0.0,0.0,0.0,0.0,0.0,12.1,0.0,0.0,0.0,0.0,0.0,0.0,3,-1
16137c-01-147,530556.826,4388873.889,0.0,0.0,0.0,0.0,0.0,0.0,0.0,0.0,0.0,0.0,47.1,0.0,0.0,0.0,0.0,0.0,0.0,3,10
16137c-01-177,530608.5476,4388748.712,0.0,0.0,0.0,0.0,0.0,0.0,35.5,0.0,0.0,0.0,0.0,0.0,0.0,0.0,0.0,0.0,0.0,0,10
16137c-02-050,530565.0418,4388767.917,0.0,0.0,0.0,0.0,0.0,0.0,0.0,0.0,0.0,0.0,70.0,0.0,0.0,0.0,0.0,0.0,0.0,3,10
16137c-04-040,530571.0015,4388842.753,0.0,0.0,0.0,0.0,0.0,0.0,0.0,0.0,0.0,0.0,0.0,61.9,0.0,0.0,0.0,0.0,0.0,0,10
16137c-08-004,530373.7042,4389030.771,0.0,7.1,0.0,0.0,0.0,0.0,0.0,0.0,0.0,0.0,0.0,0.0,0.0,0.0,0.0,0.0,0.0,2,-1
16137c-08-019,530541.681,4389035.305,0.0,0.0,0.0,0.0,0.0,0.0,0.0,0.0,0.0,0.0,0.0,0.0,0.0,0.0,0.0,0.0,21.9,0,11
16137c-08-031,530570.4279,4388876.743,0.0,0.0,0.0,0.0,0.0,0.0,21.8,0.0,0.0,0.0,0.0,0.0,0.0,0.0,0.0,0.0,0.0,0,10
16137c-08-037,530605.0843,4388818.543,0.0,0.0,0.0,0.0,0.0,0.0,0.0,0.0,0.0,0.0,0.0,180.0,0.0,0.0,0.0,0.0,56.9,0,10
16137c-08-039,530587.6445,4388805.999,0.0,0.0,0.0,0.0,0.0,0.0,22.7,0.0,0.0,0.0,0.0,0.0,0.0,0.0,0.0,0.0,0.0,0,10
16137c-10-020,530546.8013,4389000.794,0.0,0.0,0.0,0.0,0.0,0.0,0.0,0.0,0.0,0.0,0.0,0.0,0.0,0.0,0.0,0.0,170.2,0,11
16137c-10-021,530556.4367,4389001.018,0.0,0.0,0.0,0.0,0.0,0.0,17.4,0.0,0.0,0.0,0.0,0.0,0.0,0.0,0.0,0.0,17.1,0,11
16137c-10-040,530586.0162,4388795.908,0.0,16.700000000000003,0.0,0.0,0.0,0.0,0.0,0.0,0.0,0.0,0.0,41.3,0.0,0.0,0.0,0.0,0.0,1,10
16137c-13-033,530596.6598,4388823.003,0.0,0.0,0.0,0.0,0.0,0.0,0.0,0.0,0.0,0.0,0.0,35.6,0.0,0.0,0.0,0.0,12.9,0,10
16137c-13-140,530623.9596,4388723.219,0.0,0.0,0.0,0.0,0.0,0.0,0.0,0.0,0.0,0.0,0.0,0.0,0.0,0.0,0.0,0.0,43.2,0,10
16138e-14-078,529449.19,4390186.84,0.0,0.0,0.0,0.0,0.0,0.0,24.8,0.0,0.0,0.0,0.0,0.0,0.0,0.0,0.0,0.0,0.0,0,-1
16138e-22-058,529553.06,4390272.67,0.0,0.0,0.0,0.0,0.0,0.0,16.6,0.0,0.0,0.0,0.0,0.0,0.0,0.0,0.0,0.0,0.0,0,-1
16138j-24-133,529884.52,4389478.08,0.0,0.0,0.0,0.0,0.0,0.0,46.7,0.0,0.0,0.0,0.0,0.0,0.0,0.0,0.0,0.0,0.0,0,-1
16138j-24-145,529848.99,4389534.73,0.0,0.0,0.0,0.0,0.0,0.0,12.7,0.0,0.0,0.0,0.0,0.0,0.0,0.0,0.0,0.0,0.0,0,-1
16138k-26-038,529847.91,4390005.33,0.0,0.0,0.0,0.0,0.0,0.0,38.9,0.0,0.0,0.0,0.0,0.0,0.0,0.0,0.0,0.0,0.0,0,-1
16138k-28-031,529801.5,4390098.33,0.0,0.0,0.0,0.0,0.0,0.0,7.8,0.0,0.0,0.0,0.0,0.0,0.0,0.0,0.0,0.0,0.0,0,-1
170090-52-111,531012.32,4389310.75,0.0,0.0,0.0,0.0,0.0,0.0,0.0,5.0,0.0,0.0,0.0,0.0,0.0,0.0,0.0,0.0,0.0,3,-1
170920-50-502,531898.38,4387999.56,0.0,0.0,0.0,0.0,0.0,0.0,15.1,0.0,0.0,0.0,0.0,0.0,0.0,0.0,0.0,0.0,0.0,0,-1
170930-60-406,531999.09,4388136.12,0.0,0.0,0.0,0.0,0.0,0.0,0.0,0.0,0.0,0.0,0.0,54.75,0.0,0.0,0.0,0.0,0.0,0,-1
17103d-39-101,531766.77,4388189.65,0.0,0.0,0.0,0.0,0.0,0.0,0.0,3.78,0.0,0.0,0.0,0.0,0.0,0.0,0.0,0.0,0.0,3,-1
17252b-34-015,531463.4,4388791.06,0.0,0.0,0.0,0.0,0.0,0.0,0.0,7.8,0.0,0.0,0.0,0.0,0.0,0.0,0.0,0.0,0.0,3,-1
17252b-34-310,531410.12,4388557.21,0.0,0.0,0.0,0.0,0.0,0.0,0.0,3.9,0.0,0.0,0.0,0.0,0.0,0.0,0.0,0.0,0.0,3,-1
17252b-38-303,531505.04,4388411.9,0.0,0.0,0.0,0.0,0.0,0.0,0.0,11.59,0.0,0.0,0.0,0.0,0.0,0.0,0.0,0.0,0.0,3,-1
18018a-14-301,532174.92,4387291.03,0.0,0.0,0.0,0.0,0.0,0.0,0.0,0.0,0.0,0.0,0.0,27.39,0.0,0.0,0.0,0.0,0.0,0,3
18018a-14-303,532187.11,4387288.97,0.0,0.0,0.0,0.0,0.0,0.0,32.2,0.0,0.0,0.0,0.0,0.0,0.0,0.0,0.0,0.0,0.0,0,3
18018a-14-305,532205.44,4387276.84,0.0,0.0,0.0,0.0,0.0,0.0,0.0,11.0,0.0,0.0,0.0,0.0,0.0,0.0,0.0,0.0,0.0,3,3
18018a-66-305,532222.99,4387286.01,0.0,0.0,0.0,0.0,0.0,0.0,0.0,0.0,0.0,0.0,0.0,0.0,3.4,0.0,0.0,0.0,0.0,3,3
180190-55-208,532098.09,4387295.15,0.0,0.0,0.0,0.0,0.0,0.0,78.0,0.0,0.0,0.0,0.0,0.0,0.0,0.0,0.0,0.0,0.0,0,3
180190-56-104,532094.04,4387341.08,0.0,0.0,0.0,0.0,0.0,0.0,17.7,0.0,0.0,0.0,0.0,0.0,0.0,0.0,0.0,0.0,0.0,0,3
180190-63-102,532147.56,4387286.25,0.0,0.0,0.0,0.0,0.0,0.0,9.3,0.0,0.0,0.0,0.0,0.0,0.0,0.0,0.0,0.0,0.0,0,3
180190-64-206,532103.17,4387312.37,0.0,0.0,0.0,0.0,0.0,0.0,35.04,5.38,0.0,0.0,0.0,0.0,0.0,0.0,0.0,0.0,0.0,0,3
180190-65-101,532111.67,4387374.0,0.0,0.0,0.0,0.0,0.0,0.0,24.7,0.0,0.0,0.0,0.0,0.0,0.0,0.0,0.0,0.0,0.0,0,3
18029a-51-303,532388.68,4387107.35,0.0,0.0,0.0,0.0,0.0,0.0,0.0,0.0,0.0,0.0,0.0,11.4,0.0,0.0,0.0,0.0,0.0,0,-1
18029c-67-405,532433.24,4387081.68,0.0,0.0,0.0,0.0,0.0,0.0,0.0,0.0,0.0,0.0,0.0,20.4,0.0,0.0,0.0,0.0,0.0,0,-1
180310-54-201,532447.65,4387185.85,0.0,0.0,0.0,0.0,0.0,0.0,0.0,0.0,0.0,0.0,0.0,55.7,0.0,0.0,0.0,0.0,0.0,0,13
180310-54-203,532437.26,4387167.27,0.0,0.0,0.0,0.0,0.0,0.0,0.0,0.0,0.0,0.0,0.0,44.1,0.0,0.0,0.0,0.0,0.0,0,13
180310-61-202,532454.22,4387173.78,0.0,0.0,0.0,0.0,0.0,0.0,0.0,0.0,0.0,0.0,0.0,22.1,0.0,0.0,0.0,0.0,0.0,0,13
180310-61-204,532444.26,4387154.76,0.0,0.0,0.0,0.0,0.0,0.0,0.0,0.0,0.0,0.0,0.0,36.0,0.0,0.0,0.0,0.0,0.0,0,13
18038a-60-003,532574.61,4387439.43,0.0,0.0,0.0,0.0,0.0,0.0,79.65,0.0,0.0,0.0,0.0,0.0,0.0,0.0,0.0,0.0,0.0,0,-1
18074a-61-502,533191.02,4386978.92,0.0,0.0,0.0,0.0,0.0,0.0,0.0,0.0,0.0,0.0,25.4,0.0,0.0,0.0,0.0,0.0,0.0,3,-1
18074a-61-503,533181.17,4386973.99,0.0,0.0,0.0,0.0,0.0,0.0,0.0,0.0,0.0,0.0,15.1,0.0,0.0,0.0,0.0,0.0,0.0,3,-1
180810-51-104,533218.33,4386775.49,0.0,0.0,0.0,0.0,0.0,0.0,0.0,0.0,0.0,0.0,0.0,0.0,0.0,0.0,0.0,0.0,113.54,0,-1
18261C-01-002,533471.0,4387382.0,0.0,3.9,0.0,0.0,0.0,0.0,5.3,0.0,0.0,0.0,0.0,0.0,0.0,0.0,0.0,0.0,0.0,1,14
18261C-01-003,533469.0,4387388.0,0.0,2.1,0.0,0.0,0.0,0.0,0.0,0.0,0.0,0.0,0.0,0.0,0.0,0.0,0.0,0.0,0.0,2,14
18261C-01-006,533539.0,4387361.0,0.0,27.0,0.0,0.0,0.0,0.0,171.90000000000003,0.0,0.0,0.0,0.0,46.3,0.0,0.0,0.0,0.0,96.2,1,14
18261C-01-007,533540.0,4387364.0,0.0,12.2,0.0,0.0,50.2,0.0,83.39999999999999,0.0,0.0,0.0,0.0,0.0,0.0,0.0,0.0,0.0,0.0,1,14
18261C-01-009,533507.0,4387417.0,0.0,0.0,0.0,0.0,0.0,0.0,0.0,0.0,0.0,0.0,0.0,0.0,0.0,0.0,0.0,0.0,22.2,0,14
18261C-01-016,533527.0,4387375.0,0.0,7.2,0.0,0.0,0.0,0.0,12.6,0.0,0.0,0.0,0.0,0.0,0.0,0.0,0.0,0.0,0.0,1,14
18261C-01-017,533528.0,4387381.0,0.0,0.0,0.0,0.0,0.0,0.0,0.0,0.0,0.0,0.0,0.0,58.9,0.0,0.0,0.0,0.0,0.0,0,14
18261C-01-021,533572.0,4387384.0,0.0,0.0,0.0,0.0,0.0,0.0,17.5,0.0,0.0,0.0,0.0,0.0,0.0,0.0,0.0,0.0,0.0,0,14
18261C-01-023,533556.0,4387401.0,0.0,0.0,0.0,0.0,0.0,0.0,5.1,0.0,0.0,0.0,0.0,0.0,0.0,0.0,0.0,0.0,0.0,0,14
18261C-01-025,533542.0,4387416.0,0.0,68.7,0.0,0.0,0.0,0.0,0.0,2.8,0.0,0.0,0.0,0.0,0.0,0.0,0.0,0.0,0.0,2,14
18261C-01-026,533550.0,4387424.0,0.0,2.8,0.0,0.0,0.0,0.0,93.1,0.0,0.0,0.0,0.0,0.0,0.0,0.0,0.0,0.0,0.0,1,14
18261C-01-029,533534.0,4387420.0,0.0,0.0,0.0,0.0,0.0,0.0,6.6,0.0,0.0,0.0,0.0,0.0,0.0,0.0,0.0,0.0,0.0,0,14
18261C-01-030,533516.0,4387413.0,0.0,0.0,0.0,0.0,0.0,0.0,3.4,0.0,0.0,0.0,0.0,0.0,0.0,0.0,0.0,0.0,0.0,0,14
18261C-02-018,533514.0,4387383.0,0.0,0.0,0.0,0.0,0.0,0.0,13.1,0.0,0.0,0.0,0.0,0.0,0.0,0.0,0.0,0.0,0.0,0,14
18261C-02-020,533524.0,4387381.0,0.0,8.2,0.0,0.0,0.0,0.0,130.29999999999998,0.0,0.0,0.0,0.0,0.0,0.0,0.0,0.0,0.0,0.0,1,14
18261C-03-013,533531.0,4387356.0,0.0,0.0,0.0,0.0,0.0,0.0,160.4,0.0,0.0,0.0,0.0,28.3,0.0,0.0,0.0,0.0,0.0,0,14
18261C-03-021,533557.0,4387377.0,0.0,77.6,0.0,0.0,0.0,0.0,55.4,0.0,0.0,0.0,0.0,0.0,0.0,0.0,0.0,0.0,0.0,1,14
18261C-03-022,533556.0,4387389.0,0.0,39.1,0.0,0.0,0.0,0.0,77.3,0.0,0.0,0.0,0.0,0.0,0.0,0.0,0.0,0.0,0.0,1,14
18261C-03-023,533545.0,4387393.0,0.0,0.0,0.0,0.0,0.0,0.0,11.2,0.0,0.0,0.0,0.0,0.0,0.0,0.0,0.0,0.0,0.0,0,14
18261C-03-024,533527.0,4387413.0,0.0,0.0,0.0,0.0,0.0,0.0,45.2,0.0,0.0,0.0,0.0,0.0,0.0,0.0,0.0,0.0,0.0,0,14
18261C-06-006,533512.0,4387384.0,0.0,1.8,0.0,0.0,0.0,0.0,0.0,0.0,0.0,0.0,0.0,0.0,0.0,0.0,0.0,0.0,0.0,2,14
18261C-06-007,533533.0,4387395.0,0.0,33.49999999999999,0.0,0.0,0.0,0.0,60.7,0.0,0.0,0.0,0.0,80.9,0.0,0.0,0.0,0.0,0.0,1,14
18261C-06-008,533491.0,4387363.0,0.0,12.4,0.0,0.0,0.0,0.0,89.60000000000001,0.0,0.0,0.0,0.0,33.6,0.0,0.0,0.0,0.0,0.0,1,14
18261C-07-002,533475.0,4387388.0,0.0,0.0,0.0,0.0,0.0,0.0,54.4,0.0,0.0,0.0,0.0,0.0,0.0,0.0,0.0,0.0,0.0,0,14
18261C-07-005,533531.0,4387349.0,0.0,11.9,0.0,0.0,0.0,0.0,26.5,0.0,0.0,0.0,0.0,0.0,0.0,0.0,0.0,0.0,0.0,1,14
18261C-07-006,533534.0,4387349.0,0.0,0.0,0.0,0.0,0.0,0.0,27.9,0.0,0.0,0.0,0.0,0.0,0.0,0.0,0.0,0.0,0.0,0,14
18261C-07-010,533529.0,4387360.0,0.0,0.0,0.0,0.0,0.0,0.0,7.9,0.0,0.0,0.0,0.0,0.0,0.0,0.0,36.2,0.0,0.0,0,14
18261C-07-022,533512.0,4387390.0,0.0,0.0,3.7,0.0,0.0,0.0,14.7,0.0,0.0,0.0,0.0,0.0,0.0,0.0,0.0,0.0,0.0,0,14
18261C-07-024,533493.0,4387363.0,0.0,3.1,0.0,0.0,0.0,0.0,7.1,0.0,0.0,0.0,0.0,0.0,0.0,0.0,0.0,0.0,0.0,1,14
18261C-08-006,533508.0,4387384.0,0.0,5.4,0.0,0.0,0.0,0.0,0.0,0.0,0.0,0.0,0.0,0.0,0.0,0.0,0.0,0.0,0.0,2,14
18261C-08-007,533540.0,4387386.0,0.0,0.0,0.0,0.0,0.0,0.0,9.3,0.0,0.0,0.0,0.0,0.0,0.0,0.0,0.0,0.0,0.0,0,14
18261C-08-008,533482.0,4387370.0,0.0,10.5,0.0,0.0,0.0,0.0,76.30000000000001,0.0,0.0,0.0,0.0,0.0,0.0,0.0,0.0,0.0,0.0,1,14
18261C-09-003,533510.0,4387356.0,0.0,3.9,0.0,0.0,0.0,0.0,12.0,0.0,0.0,0.0,0.0,8.0,0.0,0.0,0.0,0.0,0.0,1,14
18261C-09-004,533515.0,4387351.0,0.0,10.6,0.0,0.0,0.0,0.0,2.9000000000000004,0.0,0.0,0.0,0.0,0.0,0.0,0.0,0.0,0.0,0.0,1,14
18261C-09-005,533519.0,4387350.0,0.0,7.300000000000001,0.0,0.0,0.0,0.0,54.2,0.0,0.0,0.0,0.0,0.0,0.0,0.0,0.0,0.0,0.0,1,14
18261C-09-006,533522.0,4387351.0,0.0,15.8,0.0,0.0,0.0,0.0,32.0,0.0,0.0,0.0,0.0,0.0,0.0,0.0,0.0,0.0,0.0,1,14
18261C-10-001,533506.0,4387376.0,0.0,1.0,0.0,0.0,0.0,0.0,103.7,0.0,0.0,0.0,0.0,0.0,0.0,0.0,0.0,0.0,0.0,1,14
18261C-10-003,533520.0,4387357.0,0.0,0.0,0.0,0.0,0.0,0.0,17.7,0.0,0.0,0.0,0.0,19.8,0.0,0.0,0.0,0.0,0.0,0,14
18261C-10-004,533517.0,4387364.0,0.0,0.0,0.0,0.0,0.0,0.0,63.400000000000006,0.0,41.2,0.0,0.0,0.0,60.9,0.0,0.0,0.0,0.0,0,14
18261C-10-005,533527.0,4387355.0,0.0,8.7,0.0,0.0,0.0,0.0,15.4,0.0,0.0,0.0,0.0,0.0,0.0,0.0,0.0,0.0,13.4,1,14
18261C-11-001,533500.0,4387374.0,0.0,3.1,0.0,0.0,0.0,0.0,0.0,0.0,0.0,0.0,0.0,0.0,0.0,0.0,0.0,0.0,0.0,2,14
18261C-11-002,533512.0,4387358.0,0.0,46.7,0.0,0.0,0.0,0.0,0.0,0.0,0.0,0.0,0.0,0.0,0.0,0.0,0.0,0.0,0.0,2,14
18261C-11-003,533522.0,4387355.0,0.0,17.4,0.0,0.0,0.0,0.0,79.0,0.0,0.0,0.0,0.0,0.0,0.0,0.0,0.0,0.0,0.0,1,14
18261C-11-004,533521.0,4387364.0,0.0,10.1,0.0,0.0,0.0,0.0,16.3,0.0,0.0,0.0,0.0,33.7,0.0,0.0,0.0,0.0,0.0,1,14
18261C-11-007,533511.0,4387397.0,0.0,0.0,0.0,0.0,0.0,0.0,13.8,0.0,0.0,0.0,0.0,0.0,0.0,0.0,0.0,0.0,8.7,0,14
18261C-11-009,533510.0,4387368.0,0.0,36.5,0.0,0.0,0.0,0.0,36.2,12.5,0.0,0.0,0.0,7.6,2.4,0.0,0.0,0.0,0.0,1,14
18261C-11-042,533479.0,4387380.0,0.0,0.0,0.0,0.0,0.0,0.0,27.7,0.0,0.0,0.0,0.0,0.0,0.0,0.0,0.0,0.0,0.0,0,14
18261C-11-043,533486.0,4387379.0,0.0,29.200000000000003,0.0,0.0,0.0,0.0,1.1,0.0,0.0,0.0,0.0,0.0,0.0,0.0,0.0,0.0,0.0,1,14
18261C-11-044,533496.0,4387390.0,0.0,0.8,0.0,0.0,0.0,0.0,0.0,0.0,0.0,0.0,0.0,0.0,0.0,0.0,0.0,0.0,0.0,2,14
18261e-04-101,533384.0,4387387.0,0.0,0.0,0.0,0.0,0.0,0.0,0.0,1.0,0.0,0.0,0.0,0.0,0.0,0.0,0.0,0.0,0.0,3,14
18261e-04-104,533380.0,4387385.0,0.0,0.0,0.0,0.0,0.0,0.0,4.3,0.0,0.0,0.0,0.0,0.0,0.0,0.0,0.0,0.0,0.0,0,14
18261e-06-001,533429.0,4387424.0,0.0,8.399999999999999,0.0,0.0,0.0,0.0,0.0,0.0,0.0,0.0,0.0,0.0,0.0,0.0,0.0,0.0,0.0,2,14
18261e-13-005,533378.0,4387399.0,0.0,0.0,0.0,0.0,0.0,0.0,0.0,0.0,0.0,0.0,0.0,0.0,0.0,0.0,0.0,2.9,0.0,3,14
182770-52-209,532440.86,4388064.82,0.0,0.0,0.0,0.0,0.0,0.0,0.0,0.0,0.0,0.0,0.0,14.3,0.0,0.0,0.0,0.0,0.0,0,-1
182890-03-012,533077.0,4387827.0,0.0,5.9,0.0,0.0,0.0,0.0,0.0,2.1,0.0,0.0,0.0,0.0,0.0,0.0,0.0,0.0,0.0,2,15
182890-04-003,533080.0,4387854.0,0.0,0.0,0.0,0.0,0.0,0.0,11.3,0.0,0.0,12.6,0.0,0.0,0.0,0.0,0.0,0.0,0.0,0,15
182890-10-014,533046.0,4387852.0,0.0,0.0,0.0,0.0,0.0,0.0,0.0,1.0,0.0,0.0,0.0,0.0,0.0,0.0,0.0,0.0,0.0,3,15
183100-54-102,532574.35,4388049.74,0.0,0.0,0.0,0.0,0.0,0.0,0.0,7.6,0.0,0.0,0.0,0.0,0.0,0.0,0.0,0.0,0.0,3,-1
183110-14-010,532557.52,4388053.88,0.0,8.5,0.0,0.0,0.0,0.0,0.0,0.0,0.0,0.0,0.0,0.0,0.0,0.0,0.0,0.0,0.0,2,-1
183110-51-009,532533.95,4388085.86,0.0,11.8,0.0,0.0,0.0,0.0,0.0,0.0,0.0,0.0,0.0,0.0,0.0,0.0,0.0,0.0,0.0,2,-1
183500-01-002,533091.0,4387809.0,0.0,51.3,0.0,0.0,0.0,0.0,0.0,0.0,0.0,0.0,0.0,0.0,0.0,0.0,0.0,0.0,0.0,2,15
183500-01-012,533128.0,4387814.0,0.0,0.0,0.0,0.0,0.0,0.0,48.5,0.0,0.0,0.0,0.0,0.0,0.0,0.0,0.0,0.0,0.0,0,15
183500-01-013,533111.0,4387806.0,0.0,2.5,0.0,0.0,0.0,0.0,0.0,0.0,0.0,0.0,0.0,0.0,0.0,0.0,0.0,0.0,0.0,2,15
183500-03-003,533086.0,4387817.0,0.0,3.1,0.0,0.0,0.0,0.0,0.0,0.0,0.0,0.0,0.0,0.0,0.0,0.0,0.0,0.0,0.0,2,15
183500-03-010,533117.0,4387798.0,0.0,19.3,0.0,0.0,0.0,0.0,0.0,0.0,0.0,0.0,0.0,0.0,0.0,0.0,0.0,0.0,0.0,2,15
183500-03-011,533117.0,4387798.0,0.0,18.3,0.0,0.0,0.0,0.0,0.0,0.0,0.0,0.0,0.0,0.0,0.0,0.0,0.0,0.0,0.0,2,15
183500-03-013,533115.0,4387785.0,0.0,1.6,1.9,0.0,0.0,0.0,0.0,0.0,0.0,0.0,0.0,0.0,0.0,0.0,0.0,0.0,0.0,2,15
183500-10-002,533088.0,4387809.0,0.0,33.1,0.0,0.0,0.0,0.0,0.0,0.0,0.0,0.0,0.0,0.0,0.0,0.0,0.0,0.0,0.0,2,15
183500-10-003,533093.0,4387827.0,0.0,5.4,0.0,0.0,0.0,0.0,0.0,0.0,0.0,0.0,0.0,0.0,0.0,0.0,0.0,0.0,0.0,2,15
183500-10-009,533143.0,4387837.0,0.0,0.0,0.0,0.0,0.0,0.0,37.5,0.0,0.0,0.0,0.0,0.0,0.0,0.0,0.0,0.0,0.0,0,15
183500-10-012,533112.0,4387795.0,0.0,119.5,0.0,0.0,0.0,0.0,0.0,0.0,0.0,0.0,0.0,0.0,0.0,0.0,0.0,0.0,0.0,2,15
183500-10-014,533089.0,4387771.0,0.0,9.7,0.0,0.0,0.0,0.0,0.0,0.0,0.0,0.0,0.0,0.0,0.0,0.0,0.0,0.0,0.0,2,15
183500-13-001,533082.0,4387791.0,0.0,81.6,0.0,0.0,0.0,0.0,0.0,0.0,0.0,0.0,0.0,0.0,0.0,0.0,0.0,0.0,0.0,2,15
183500-13-002,533087.0,4387795.0,0.0,31.0,0.0,0.0,0.0,0.0,0.0,0.0,0.0,0.0,0.0,0.0,0.0,0.0,0.0,0.0,0.0,2,15
183500-13-003,533089.0,4387791.0,0.0,0.0,0.0,0.0,0.0,0.0,27.2,0.0,0.0,0.0,0.0,0.0,0.0,0.0,0.0,0.0,0.0,0,15
183500-13-007,533108.0,4387781.0,0.0,27.7,0.0,0.0,0.0,0.0,0.0,0.0,0.0,0.0,0.0,0.0,0.0,0.0,0.0,0.0,0.0,2,15
183500-13-008,533119.0,4387804.0,0.0,24.3,0.0,0.0,0.0,0.0,0.0,0.0,0.0,0.0,0.0,0.0,0.0,0.0,0.0,0.0,0.0,2,15
183500-13-009,533121.0,4387787.0,0.0,40.2,0.0,0.0,0.0,0.0,0.0,0.0,0.0,0.0,0.0,0.0,0.0,0.0,0.0,0.0,0.0,2,15
183500-69-005,533131.83,4387811.39,0.0,0.0,0.0,0.0,0.0,0.0,0.0,0.0,0.0,0.0,0.0,14.4,0.0,0.0,0.0,0.0,0.0,0,15
183500-72-003,533126.28,4387785.61,0.0,19.7,0.0,0.0,0.0,0.0,0.0,0.0,0.0,0.0,0.0,0.0,0.0,0.0,0.0,0.0,0.0,2,15
183500-72-004,533133.13,4387788.09,0.0,1.3,0.0,0.0,0.0,0.0,0.0,0.0,0.0,0.0,0.0,0.0,0.0,0.0,0.0,0.0,0.0,2,15
183500-75-001,533122.29,4387794.7,0.0,49.59,0.0,0.0,0.0,0.0,0.0,0.0,0.0,0.0,0.0,0.0,0.0,0.0,0.0,0.0,0.0,2,15
183500-81-001,533106.14,4387778.2,0.0,0.0,0.0,0.0,0.0,0.0,4.0,0.0,0.0,0.0,0.0,0.0,0.0,0.0,0.0,0.0,0.0,0,15
183500-81-002,533115.78,4387772.14,0.0,46.4,0.0,0.0,0.0,0.0,0.0,0.0,0.0,0.0,0.0,33.38,0.0,0.0,0.0,0.0,0.0,1,15
183500-81-003,533112.47,4387783.89,0.0,4.6,0.0,0.0,0.0,0.0,0.0,0.0,0.0,0.0,0.0,25.7,0.0,0.0,0.0,0.0,0.0,1,15
183500-81-004,533119.41,4387786.25,9.09,11.28,0.0,0.0,0.0,0.0,0.0,0.0,0.0,0.0,0.0,0.0,0.0,0.0,0.0,0.0,0.0,2,15
18391a-63-001,532480.43,4387511.28,0.0,0.0,0.0,0.0,0.0,0.0,102.5,14.5,0.0,0.0,0.0,0.0,0.0,0.0,0.0,0.0,0.0,0,-1
18452b-14-001,533138.8,4387766.58,0.0,9.4,0.0,0.0,0.0,0.0,0.0,0.0,0.0,0.0,0.0,0.0,0.0,0.0,0.0,0.0,0.0,2,15
18452b-14-003,533179.11,4387750.88,0.0,8.8,0.0,0.0,0.0,0.0,0.0,0.0,0.0,0.0,0.0,49.0,7.3,0.0,0.0,0.0,0.0,1,15
18452b-14-004,533168.92,4387745.62,0.0,13.8,0.0,0.0,0.0,0.0,0.0,0.0,0.0,0.0,0.0,0.0,0.0,0.0,0.0,0.0,0.0,2,15
18452b-14-005,533179.43,4387737.56,0.0,7.3,0.0,0.0,0.0,0.0,0.0,0.0,0.0,0.0,0.0,0.0,0.0,0.0,0.0,0.0,0.0,2,15
18452b-14-006,533187.73,4387741.71,0.0,0.0,0.0,0.0,0.0,0.0,0.0,0.0,0.0,0.0,0.0,13.09,0.0,0.0,0.0,0.0,0.0,0,15
18452b-14-007,533195.92,4387733.53,0.0,0.0,0.0,0.0,0.0,0.0,0.0,0.0,0.0,0.0,0.0,50.1,0.0,0.0,0.0,0.0,0.0,0,15
18452b-14-008,533201.9,4387740.55,0.0,43.1,0.0,0.0,0.0,0.0,112.2,0.0,0.0,0.0,0.0,0.0,0.0,0.0,0.0,0.0,0.0,1,15
18452b-14-009,533209.58,4387750.57,0.0,0.0,0.0,0.0,0.0,0.0,25.4,0.0,0.0,0.0,0.0,0.0,0.0,0.0,0.0,0.0,0.0,0,15
18452b-14-010,533208.5,4387761.11,0.0,0.0,0.0,0.0,0.0,0.0,0.0,0.0,0.0,0.0,0.0,39.0,0.0,0.0,0.0,0.0,0.0,0,15
18452b-73-003,533146.7,4387765.28,0.0,19.1,0.0,0.0,0.0,0.0,0.0,0.0,0.0,0.0,0.0,0.0,0.0,0.0,0.0,0.0,0.0,2,15
18452b-73-005,533157.87,4387742.47,0.0,3.4,0.0,0.0,0.0,0.0,0.0,0.0,0.0,0.0,0.0,0.0,0.0,0.0,0.0,0.0,0.0,2,15
18452b-73-006,533172.81,4387739.64,0.0,25.6,0.0,0.0,0.0,0.0,0.0,0.0,0.0,0.0,0.0,0.0,0.0,0.0,0.0,0.0,0.0,2,15
18452b-73-007,533172.11,4387722.77,0.0,19.5,0.0,0.0,0.0,0.0,0.0,0.0,0.0,0.0,0.0,35.2,0.0,0.0,0.0,0.0,0.0,1,15
18452b-73-008,533177.81,4387715.14,0.0,0.0,0.0,0.0,0.0,0.0,0.0,0.0,0.0,0.0,0.0,18.4,0.0,0.0,0.0,0.0,0.0,0,15
18452b-76-005,533151.76,4387745.44,0.0,0.0,0.0,0.0,0.0,0.0,64.6,0.0,0.0,0.0,0.0,0.0,0.0,0.0,0.0,0.0,0.0,0,15
18452b-76-006,533165.0,4387740.28,0.0,3.68,0.0,0.0,0.0,0.0,9.79,0.0,0.0,0.0,0.0,9.24,0.0,0.0,0.0,0.0,19.08,1,15
18452b-76-007,533170.86,4387733.42,0.0,0.0,0.0,0.0,0.0,0.0,0.0,0.0,0.0,0.0,0.0,42.150000000000006,0.0,0.0,0.0,0.0,0.0,0,15
18452b-78-002,533168.24,4387765.48,0.0,14.7,0.0,0.0,0.0,0.0,0.0,0.0,0.0,0.0,0.0,0.0,0.0,0.0,0.0,0.0,0.0,2,15
18452b-78-005,533186.4,4387733.49,0.0,222.8,0.0,0.0,0.0,0.0,139.5,45.6,0.0,0.0,0.0,68.6,0.0,0.0,0.0,10.3,0.0,1,15
18452b-84-004,533144.66,4387741.85,0.0,10.6,0.0,0.0,0.0,0.0,0.0,0.0,0.0,0.0,0.0,29.1,0.0,0.0,0.0,0.0,0.0,1,15
18452b-84-005,533167.66,4387741.29,0.0,0.0,0.0,0.0,0.0,0.0,10.34,0.0,0.0,0.0,0.0,10.27,0.0,0.0,0.0,0.0,0.0,0,15
18452b-84-007,533180.79,4387720.92,0.0,0.0,0.0,0.0,0.0,0.0,17.4,0.0,0.0,0.0,0.0,56.1,0.0,0.0,0.0,0.0,0.0,0,15
18452b-84-008,533185.55,4387709.84,0.0,0.0,0.0,0.0,0.0,0.0,0.0,0.0,0.0,0.0,0.0,6.6,0.0,0.0,0.0,0.0,0.0,0,15
19005a-72-309,533359.71,4388888.71,0.0,58.89999999999999,0.0,0.0,0.0,0.0,8.3,0.0,0.0,0.0,0.0,0.0,0.0,0.0,0.0,0.0,0.0,1,16
19005a-75-308,533405.86,4388969.27,0.0,0.0,0.0,0.0,0.0,0.0,0.0,0.0,0.0,0.0,0.0,56.8,0.0,0.0,0.0,0.0,0.0,0,16
19005a-75-311,533390.43,4388925.36,0.0,0.0,0.0,0.0,0.0,0.0,39.4,0.0,0.0,0.0,0.0,0.0,0.0,0.0,0.0,0.0,0.0,0,16
19005a-81-313,533400.33,4388937.5,0.0,0.0,0.0,0.0,0.0,0.0,0.0,0.0,0.0,0.0,0.0,46.6,0.0,0.0,0.0,0.0,0.0,0,16
19007b-05-401,533341.85,4388812.83,0.0,0.0,0.0,0.0,0.0,0.0,10.6,0.0,0.0,0.0,0.0,746.4000000000001,0.0,0.0,0.0,0.0,0.0,0,17
19007b-05-402,533335.66,4388814.03,0.0,0.0,0.0,0.0,0.0,0.0,0.0,0.0,0.0,0.0,0.0,460.8,0.0,0.0,0.0,0.0,0.0,0,17
19007b-05-403,533326.58,4388812.32,0.0,0.0,0.0,0.0,0.0,0.0,0.0,0.0,0.0,0.0,0.0,452.2000000000001,0.0,0.0,0.0,0.0,54.5,0,17
19007b-14-401,533341.12,4388822.04,0.0,0.0,0.0,0.0,0.0,0.0,0.0,14.1,0.0,0.0,0.0,67.6,0.0,0.0,0.0,0.0,0.0,0,17
19007b-14-402,533343.27,4388819.61,0.0,0.0,0.0,0.0,0.0,0.0,0.0,0.0,0.0,0.0,0.0,0.0,8.8,0.0,0.0,0.0,0.0,3,17
19007b-14-404,533323.18,4388823.29,0.0,0.0,0.0,0.0,0.0,0.0,18.1,0.0,0.0,0.0,0.0,20.1,0.0,0.0,0.0,0.0,0.0,0,17
19007b-72-401,533279.2,4388835.42,0.0,0.0,0.0,0.0,0.0,0.0,0.0,0.0,0.0,0.0,0.0,0.0,0.0,0.0,0.0,0.0,20.4,0,17
19007b-74-401,533344.46,4388842.7,0.0,0.0,0.0,0.0,0.0,0.0,0.0,0.0,0.0,0.0,0.0,860.0,0.0,0.0,0.0,0.0,0.0,0,17
19007b-75-404,533316.96,4388814.72,0.0,22.0,0.0,0.0,0.0,0.0,0.0,23.1,0.0,0.0,0.0,103.4,0.0,0.0,0.0,0.0,79.6,1,17
19007b-78-402,533291.52,4388844.02,0.0,0.0,0.0,0.0,0.0,0.0,9.6,0.0,0.0,0.0,0.0,0.0,0.0,0.0,0.0,0.0,0.0,0,17
190080-05-203,533293.88,4388793.09,0.0,0.0,0.0,0.0,0.0,0.0,0.0,0.0,0.0,0.0,0.0,74.6,0.0,0.0,0.0,0.0,0.0,0,17
190080-05-204,533293.24,4388802.63,0.0,0.0,0.0,0.0,0.0,0.0,0.0,0.0,0.0,0.0,0.0,294.15,0.0,0.0,0.0,0.0,47.84,0,17
190080-14-202,533271.55,4388779.79,0.0,0.0,0.0,0.0,0.0,0.0,0.0,0.0,0.0,0.0,0.0,21.1,0.0,0.0,0.0,0.0,0.0,0,17
190080-14-204,533272.02,4388789.33,0.0,14.6,6.8,0.0,0.0,0.0,20.4,0.0,0.0,0.0,0.0,146.7,0.0,0.0,0.0,0.0,17.4,1,17
190080-14-205,533278.87,4388812.34,0.0,0.0,0.0,0.0,0.0,0.0,61.6,0.0,0.0,0.0,0.0,0.0,0.0,0.0,0.0,0.0,0.0,0,17
190080-69-201,533283.84,4388774.62,0.0,0.0,0.0,0.0,0.0,0.0,0.0,0.0,0.0,0.0,0.0,0.0,0.0,0.0,0.0,0.0,520.63,0,17
190080-72-201,533325.97,4388773.25,0.0,0.0,0.0,0.0,0.0,0.0,28.200000000000003,3.1,0.0,0.0,0.0,0.0,0.0,0.0,0.0,0.0,0.0,0,17
190080-73-201,533303.22,4388775.93,0.0,0.0,0.0,0.0,0.0,0.0,76.6,0.0,0.0,0.0,0.0,42.3,0.0,0.0,0.0,0.0,0.0,0,17
190080-73-204,533303.7,4388804.01,0.0,0.0,0.0,0.0,0.0,0.0,49.8,0.0,0.0,0.0,0.0,0.0,0.0,0.0,0.0,0.0,0.0,0,17
190080-74-204,533265.86,4388806.29,0.0,0.0,0.0,0.0,0.0,0.0,25.7,0.0,0.0,0.0,0.0,0.0,0.0,0.0,0.0,0.0,0.0,0,17
190080-75-201,533316.27,4388773.88,0.0,0.0,0.0,0.0,0.0,0.0,82.60000000000001,0.0,0.0,0.0,0.0,78.3,0.0,0.0,0.0,0.0,0.0,0,17
190080-75-202,533314.8,4388778.42,0.0,4.4,0.0,0.0,0.0,0.0,0.0,0.0,0.0,0.0,0.0,0.0,0.0,0.0,0.0,0.0,63.7,1,17
190080-75-203,533313.2,4388790.07,0.0,0.0,0.0,0.0,0.0,0.0,0.0,0.0,0.0,0.0,0.0,76.8,0.0,0.0,0.0,0.0,0.0,0,17
190080-75-204,533315.82,4388800.73,0.0,0.0,0.0,0.0,0.0,0.0,60.6,0.0,0.0,0.0,0.0,328.0,0.0,0.0,0.0,0.0,85.1,0,17
190080-75-205,533317.07,4388807.51,0.0,0.0,0.0,0.0,0.0,0.0,42.9,0.0,0.0,0.0,0.0,0.0,0.0,0.0,0.0,0.0,30.09,0,17
190080-78-201,533336.28,4388769.97,0.0,0.0,0.0,0.0,0.0,0.0,15.0,0.0,0.0,0.0,0.0,63.900000000000006,0.0,0.0,12.3,0.0,0.0,0,17
190080-78-202,533335.81,4388779.18,0.0,0.0,0.0,0.0,0.0,0.0,23.3,0.0,0.0,0.0,0.0,0.0,0.0,0.0,0.0,0.0,0.0,0,17
190080-78-203,533335.94,4388789.39,0.0,0.0,0.0,0.0,0.0,0.0,14.74,0.0,0.0,0.0,0.0,15.77,0.0,0.0,0.0,0.0,0.0,0,17
190080-78-204,533336.4,4388801.6,0.0,0.0,0.0,0.0,0.0,0.0,0.0,0.0,0.0,0.0,0.0,0.0,0.0,0.0,0.0,0.0,138.48,0,17
190080-78-205,533231.6,4388811.13,0.0,0.0,0.0,0.0,0.0,0.0,0.0,0.0,0.0,0.0,0.0,138.5,0.0,0.0,0.0,0.0,34.8,0,17
190080-81-201,533345.63,4388771.01,0.0,0.0,0.0,0.0,0.0,0.0,68.2,0.0,0.0,0.0,0.0,77.3,0.0,0.0,0.0,0.0,0.0,0,17
190080-81-202,533343.87,4388780.32,0.0,0.0,0.0,0.0,0.0,0.0,128.5,0.0,0.0,0.0,0.0,0.0,0.0,0.0,0.0,0.0,47.8,0,17
190080-81-203,533345.46,4388790.43,0.0,0.0,0.0,0.0,0.0,0.0,67.2,0.0,0.0,0.0,0.0,0.0,0.0,0.0,0.0,0.0,38.7,0,17
190080-81-204,533346.27,4388802.42,0.0,0.0,0.0,0.0,0.0,0.0,0.0,0.0,0.0,0.0,0.0,0.0,0.0,0.0,0.0,0.0,25.2,0,17
190090-05-101,533320.46,4388697.87,0.0,0.0,0.0,0.0,0.0,0.0,0.0,0.0,0.0,0.0,0.0,40.2,0.0,0.0,0.0,0.0,0.0,0,17
190090-05-102,533319.73,4388708.19,0.0,0.0,4.8,0.0,0.0,0.0,18.6,0.0,0.0,0.0,0.0,0.0,0.0,0.0,0.0,0.0,0.0,0,17
190090-14-107,533342.85,4388719.05,0.0,0.0,0.0,0.0,0.0,0.0,0.0,0.0,0.0,0.0,0.0,108.9,0.0,0.0,0.0,0.0,0.0,0,17
190090-69-105,533299.35,4388698.89,0.0,0.0,0.0,0.0,0.0,0.0,0.0,0.0,0.0,0.0,0.0,110.8,0.0,0.0,0.0,0.0,0.0,0,17
190090-72-102,533287.75,4388724.59,0.0,0.0,0.0,0.0,0.0,0.0,0.0,0.0,0.0,0.0,0.0,3.3,0.0,0.0,0.0,0.0,0.0,0,17
190090-72-104,533289.4,4388700.18,0.0,0.0,0.0,0.0,0.0,0.0,9.1,0.0,0.0,0.0,0.0,0.0,0.0,0.0,0.0,0.0,33.6,0,17
190090-72-105,533319.97,4388733.05,0.0,0.0,0.0,0.0,0.0,0.0,0.0,0.0,0.0,0.0,0.0,26.8,0.0,0.0,0.0,0.0,0.0,0,17
190090-72-106,533317.61,4388723.49,0.0,0.0,0.0,0.0,0.0,0.0,6.3,0.0,0.0,0.0,0.0,38.0,0.0,0.0,0.0,0.0,0.0,0,17
190090-74-102,533309.1,4388707.14,0.0,0.0,0.0,0.0,0.0,0.0,76.7,0.0,0.0,0.0,0.0,0.0,0.0,0.0,0.0,0.0,0.0,0,17
190090-74-104,533310.21,4388727.79,0.0,0.0,0.0,0.0,0.0,0.0,0.0,0.0,0.0,0.0,0.0,42.3,0.0,0.0,0.0,0.0,0.0,0,17
190090-75-107,533339.57,4388723.03,0.0,0.0,0.0,0.0,0.0,0.0,35.099999999999994,0.0,0.0,0.0,0.0,92.6,0.0,0.0,0.0,0.0,129.5,0,17
190090-78-105,533331.95,4388700.36,0.0,0.0,0.0,0.0,0.0,0.0,46.6,0.0,0.0,0.0,0.0,197.9,0.0,0.0,0.0,0.0,0.0,0,17
190090-78-106,533333.37,4388709.8,0.0,0.0,0.0,0.0,0.0,0.0,8.4,0.0,0.0,0.0,0.0,132.9,10.0,0.0,0.0,0.0,0.0,0,17
