grid80,AtBlckGlz,Balearic,CamBlckGlzA,CamBlckGlzB,CmedPuAm,EbBlckGlz,EbPuAm,EbPuCom,GrItAm,IbAm,IbCom,ItAm,ItCom,MasAm,PuAm,PuCom,SoItVesCaAm
2,0.0,8.4,0.0,0.0,0.0,0.0,45.3,0.0,0.0,0.0,0.0,0.0,0.0,0.0,0.0,0.0,0.0
11,0.0,0.0,0.0,0.0,0.0,0.0,6.5,0.0,0.0,0.0,0.0,0.0,0.0,0.0,0.0,0.0,0.0
13,0.0,0.0,0.0,0.0,0.0,0.0,38.5,0.0,0.0,0.0,0.0,0.0,0.0,0.0,0.0,0.0,0.0
14,0.0,0.0,0.0,0.0,0.0,0.0,0.0,0.0,0.0,0.0,0.0,0.0,0.0,0.0,0.0,0.0,12.0
25,0.0,0.0,0.0,0.0,0.0,0.0,0.0,0.0,0.0,0.0,0.0,0.0,0.0,0.0,0.0,0.0,8.64
32,0.0,20.500000000000004,0.0,0.0,0.0,0.0,0.0,3.0,0.0,0.0,0.0,0.0,0.0,0.0,0.0,0.0,0.0
46,0.0,0.0,0.0,0.0,0.0,0.0,0.0,0.0,0.0,0.0,0.0,22.8,0.0,0.0,0.0,0.0,0.0
47,0.0,0.0,0.0,0.0,0.0,0.0,0.0,4.2,0.0,0.0,0.0,4.6,0.0,0.0,0.0,0.0,0.0
48,0.0,0.0,0.0,0.0,0.0,0.0,0.0,72.0,0.0,0.0,0.0,28.2,0.0,0.0,0.0,0.0,0.0
49,0.0,0.0,0.0,0.0,0.0,0.0,0.0,0.0,0.0,0.0,0.0,9.9,0.0,0.0,0.0,0.0,0.0
92,0.0,0.0,0.0,0.0,0.0,0.0,12.9,0.0,0.0,0.0,0.0,0.0,0.0,0.0,0.0,0.0,0.0
93,0.0,7.2,0.0,0.0,0.0,0.0,0.0,0.0,0.0,0.0,0.0,0.0,0.0,0.0,0.0,0.0,0.0
102,0.0,0.0,0.0,0.0,0.0,0.0,0.0,3.93,0.0,0.0,0.0,0.0,0.0,0.0,0.0,0.0,0.0
116,0.0,0.0,0.0,0.0,0.0,0.0,15.2,0.0,0.0,0.0,0.0,0.0,0.0,0.0,0.0,0.0,0.0
118,0.0,61.5,0.0,0.0,0.0,0.0,0.0,130.00000000000003,0.0,0.0,0.0,0.0,0.0,0.0,0.0,0.0,0.0
119,0.0,0.0,0.0,0.0,0.0,0.0,0.0,8.71,0.0,0.0,0.0,0.0,0.0,0.0,0.0,0.0,0.0
135,0.0,748.63,0.0,0.0,0.0,0.0,314.4,379.46999999999997,0.0,0.0,0.0,0.0,0.0,0.0,0.0,0.0,0.0
179,0.0,0.0,0.0,0.0,0.0,0.0,0.0,6.8,0.0,0.0,0.0,0.0,0.0,0.0,0.0,0.0,0.0
185,0.0,0.0,0.0,0.0,0.0,0.0,0.0,0.0,0.0,0.0,0.0,0.0,0.0,0.0,0.0,0.0,113.54
195,0.0,0.0,0.0,0.0,0.0,0.0,0.0,15.33,0.0,0.0,0.0,0.0,0.0,0.0,0.0,0.0,0.0
197,0.0,0.0,0.0,0.0,39.44,0.0,0.0,0.0,0.0,0.0,0.0,0.0,0.0,0.0,0.0,0.0,0.0
213,0.0,0.0,0.0,0.0,0.0,0.0,0.0,4.91,0.0,0.0,0.0,0.0,0.0,0.0,0.0,0.0,0.0
220,0.0,0.0,0.0,0.0,0.0,0.0,37.6,13.28,0.0,0.0,0.0,100.38,0.0,0.0,0.0,0.0,0.0
221,0.0,0.0,0.0,0.0,0.0,0.0,0.0,2.8,0.0,0.0,0.0,0.0,0.0,0.0,0.0,0.0,11.7
226,0.0,0.0,0.0,0.0,0.0,0.0,0.0,0.0,0.0,0.0,15.1,0.0,0.0,0.0,0.0,0.0,0.0
236,0.0,0.0,0.0,0.0,0.0,0.0,0.0,0.0,0.0,0.0,0.0,37.6,0.0,0.0,0.0,0.0,0.0
244,0.0,0.0,0.0,0.0,0.0,0.0,0.0,11.33,0.0,0.0,0.0,0.0,0.0,0.0,0.0,0.0,0.0
248,0.0,0.0,0.0,0.0,0.0,0.0,8.76,0.0,0.0,0.0,0.0,0.0,0.0,0.0,0.0,0.0,0.0
258,0.0,0.0,0.0,0.0,0.0,0.0,0.0,0.0,0.0,0.0,25.4,0.0,0.0,0.0,0.0,0.0,0.0
268,0.0,10.6,0.0,0.0,0.0,0.0,25.3,0.0,0.0,0.0,0.0,0.0,0.0,0.0,0.0,0.0,0.0
269,0.0,0.0,0.0,0.0,28.1,0.0,14.8,0.0,0.0,0.0,0.0,0.0,0.0,0.0,0.0,0.0,0.0
282,0.0,0.0,0.0,0.0,0.0,0.0,82.85000000000001,48.5,0.0,0.0,0.0,76.14000000000001,0.0,0.0,0.0,0.0,0.0
283,0.0,0.0,0.0,0.0,0.0,0.0,15.3,0.0,0.0,0.0,0.0,14.6,0.0,0.0,0.0,0.0,0.0
284,0.0,22.67,0.0,0.0,10.2,0.0,280.91,40.31,0.0,0.0,0.0,164.89999999999998,0.0,0.0,0.0,0.0,0.0
286,0.0,0.0,0.0,0.0,0.0,0.0,0.0,0.0,0.0,0.0,0.0,31.799999999999997,0.0,0.0,0.0,0.0,0.0
308,0.0,0.0,0.0,0.0,0.0,0.0,69.4,0.0,0.0,0.0,0.0,0.0,0.0,0.0,0.0,0.0,0.0
321,0.0,1.8,0.0,0.0,0.0,0.0,0.0,0.0,0.0,0.0,0.0,0.0,0.0,0.0,0.0,0.0,0.0
322,0.0,0.0,0.0,0.0,0.0,0.0,45.8,0.0,0.0,0.0,0.0,0.0,0.0,0.0,0.0,0.0,0.0
327,0.0,0.0,0.0,0.0,0.0,0.0,5.6,0.0,0.0,0.0,0.0,68.7,0.0,0.0,0.0,0.0,0.0
329,0.0,0.0,0.0,0.0,0.0,0.0,0.0,0.0,0.0,0.0,0.0,80.1,0.0,0.0,0.0,0.0,0.0
330,0.0,0.0,0.0,0.0,0.0,0.0,0.0,0.0,0.0,0.0,0.0,77.80000000000001,0.0,0.0,0.0,0.0,0.0
360,0.0,0.0,0.0,0.0,0.0,0.0,0.0,2.66,0.0,0.0,0.0,0.0,0.0,0.0,0.0,0.0,0.0
362,0.0,0.0,0.0,0.0,0.0,0.0,0.0,0.0,0.0,0.0,0.0,129.69,0.0,0.0,0.0,0.0,0.0
364,0.0,0.0,0.0,0.0,0.0,0.0,41.5,11.0,0.0,0.0,0.0,27.39,0.0,0.0,0.0,0.0,0.0
365,0.0,0.0,0.0,0.0,0.0,0.0,0.0,0.0,0.0,0.0,0.0,0.0,3.4,0.0,0.0,0.0,0.0
391,0.0,0.0,0.0,0.0,0.0,0.0,0.0,2.6,0.0,0.0,0.0,0.0,0.0,0.0,0.0,0.0,0.0
393,0.0,0.0,0.0,0.0,0.0,0.0,155.44,5.38,0.0,0.0,0.0,0.0,0.0,0.0,0.0,0.0,0.0
394,0.0,0.0,0.0,0.0,0.0,0.0,12.8,4.4,0.0,0.0,0.0,0.0,0.0,0.0,0.0,0.0,0.0
402,0.0,10.5,0.0,0.0,0.0,0.0,76.30000000000001,0.0,0.0,0.0,0.0,0.0,0.0,0.0,0.0,0.0,0.0
403,0.0,233.89999999999998,0.0,0.0,50.2,0.0,916.4000000000001,12.5,41.2,0.0,0.0,177.29999999999998,63.3,0.0,36.2,0.0,109.60000000000001
420,0.0,0.0,0.0,0.0,0.0,0.0,79.65,0.0,0.0,0.0,0.0,0.0,0.0,0.0,0.0,0.0,0.0
424,0.0,0.0,0.0,0.0,0.0,0.0,4.3,1.0,0.0,0.0,0.0,0.0,0.0,0.0,0.0,2.9,0.0
425,0.0,43.6,0.0,0.0,0.0,0.0,88.49999999999999,0.0,0.0,0.0,0.0,0.0,0.0,0.0,0.0,0.0,0.0
426,0.0,238.90000000000003,3.7,0.0,0.0,0.0,642.8999999999999,2.8,0.0,0.0,0.0,139.8,0.0,0.0,0.0,0.0,30.9
427,0.0,0.0,0.0,0.0,0.0,0.0,17.5,0.0,0.0,0.0,0.0,0.0,0.0,0.0,0.0,0.0,0.0
438,0.0,0.0,0.0,0.0,0.0,0.0,0.0,0.0,0.0,0.0,0.0,0.0,0.0,0.0,0.0,6.2,0.0
442,0.0,0.0,0.0,0.0,0.0,0.0,102.5,14.5,0.0,0.0,0.0,0.0,0.0,0.0,0.0,0.0,0.0
452,0.0,0.0,0.0,0.0,0.0,0.0,0.0,0.0,0.0,0.0,8.5,0.0,0.0,0.0,0.0,0.0,0.0
498,0.0,102.28,0.0,0.0,0.0,0.0,74.38999999999999,0.0,0.0,0.0,0.0,71.72,0.0,0.0,0.0,0.0,19.08
499,0.0,355.6,0.0,0.0,0.0,0.0,304.84,45.6,0.0,0.0,0.0,388.51,7.3,0.0,0.0,10.3,0.0
517,0.0,90.6,0.0,0.0,0.0,0.0,11.3,3.1,0.0,12.6,0.0,0.0,0.0,0.0,0.0,0.0,0.0
518,9.09,460.66999999999996,1.9,0.0,0.0,0.0,117.2,0.0,0.0,0.0,0.0,40.1,0.0,0.0,0.0,0.0,0.0
561,0.0,0.0,0.0,0.0,0.0,0.0,0.0,32.5,0.0,0.0,0.0,0.0,0.0,0.0,0.0,0.0,0.0
567,0.0,0.0,0.0,0.0,0.0,0.0,15.1,0.0,0.0,0.0,0.0,0.0,0.0,0.0,0.0,0.0,0.0
602,0.0,0.0,0.0,0.0,0.0,0.0,0.0,0.0,0.0,0.0,0.0,14.3,0.0,0.0,0.0,0.0,0.0
604,0.0,20.3,0.0,0.0,0.0,0.0,0.0,7.6,0.0,0.0,0.0,0.0,0.0,0.0,0.0,0.0,0.0
611,0.0,0.0,0.0,0.0,0.0,0.0,0.0,0.0,0.0,0.0,0.0,90.9,0.0,0.0,0.0,0.0,0.0
627,0.0,0.0,0.0,0.0,0.0,0.0,0.0,0.0,0.0,0.0,0.0,54.75,0.0,0.0,0.0,0.0,0.0
634,0.0,0.0,0.0,0.0,0.0,0.0,0.0,0.0,0.0,0.0,27.39,0.0,0.0,0.0,0.0,0.0,0.0
637,0.0,0.0,0.0,0.0,0.0,0.0,0.0,0.0,0.0,0.0,0.0,24.4,0.0,0.0,0.0,0.0,0.0
642,0.0,0.0,0.0,0.0,0.0,0.0,18.7,0.0,0.0,0.0,0.0,0.0,0.0,0.0,0.0,0.0,0.0
652,0.0,0.0,0.0,0.0,0.0,0.0,0.0,3.78,0.0,0.0,0.0,0.0,0.0,0.0,0.0,0.0,0.0
659,0.0,0.0,0.0,0.0,0.0,0.0,13.5,0.0,0.0,0.0,0.0,0.0,0.0,0.0,0.0,0.0,0.0
665,0.0,0.0,0.0,0.0,0.0,0.0,26.46,0.0,0.0,0.0,0.0,0.0,0.0,0.0,0.0,0.0,0.0
666,0.0,0.0,0.0,0.0,0.0,0.0,0.0,0.0,0.0,0.0,0.0,0.0,0.0,0.0,0.0,0.0,27.85
667,0.0,0.0,0.0,0.0,0.0,0.0,0.0,13.379999999999999,0.0,0.0,0.0,50.6,0.0,0.0,0.0,0.0,87.87
668,0.0,0.0,0.0,0.0,0.0,0.0,108.1,2.4,0.0,0.0,0.0,0.0,0.0,0.0,0.0,0.0,0.0
669,0.0,0.0,0.0,0.0,0.0,0.0,120.9,0.0,0.0,0.0,0.0,0.0,0.0,0.0,0.0,0.0,0.0
681,0.0,0.0,0.0,0.0,0.0,0.0,36.3,0.0,0.0,0.0,0.0,18.2,0.0,0.0,0.0,0.0,0.0
690,0.0,0.0,0.0,0.0,0.0,0.0,0.0,0.0,0.0,0.0,0.0,60.14,0.0,0.0,0.0,0.0,0.0
691,0.0,6.0,0.0,0.0,0.0,0.0,18.1,33.37,0.0,0.0,0.0,87.9,0.0,0.0,0.0,0.0,12.95
692,0.0,47.8,0.0,0.0,0.0,36.3,66.8,15.3,0.0,0.0,0.0,26.7,0.0,0.0,0.0,0.0,16.8
693,0.0,8.5,0.0,0.0,0.0,17.200000000000003,422.49999999999994,0.0,60.4,0.0,0.0,550.05,0.0,0.0,0.0,0.0,608.8000000000001
694,0.0,0.0,0.0,0.0,0.0,0.0,186.11,0.0,0.0,0.0,0.0,406.09999999999997,0.0,0.0,0.0,0.0,166.0
699,0.0,0.0,0.0,0.0,0.0,0.0,0.0,11.59,0.0,0.0,0.0,0.0,0.0,0.0,0.0,0.0,0.0
708,0.0,0.0,0.0,0.0,0.0,0.0,0.0,0.0,0.0,0.0,120.4,0.0,0.0,0.0,0.0,0.0,0.0
714,0.0,0.0,0.0,0.0,0.0,0.0,72.89,38.0,0.0,0.0,0.0,157.51000000000002,0.0,0.0,0.0,0.0,181.08
715,0.0,0.0,0.0,0.0,0.0,0.0,185.5,54.06,0.0,10.21,0.0,776.8299999999999,0.0,0.0,0.0,7.5,907.4
716,0.0,8.21,0.0,0.0,0.0,0.0,329.62,69.08,0.0,0.0,0.0,667.09,60.46,0.0,0.0,70.69999999999999,746.2900000000001
717,0.0,39.6,0.0,0.0,0.0,0.0,166.5,0.0,0.0,0.0,55.5,40.8,0.0,0.0,0.0,0.0,33.4
718,0.0,11.5,0.0,0.0,0.0,0.0,230.70000000000002,0.0,116.2,0.0,0.0,656.1,0.0,0.0,22.2,0.0,233.90000000000003
719,0.0,165.9,4.2,0.0,0.0,0.0,189.89999999999998,0.0,0.0,0.0,49.2,169.5,0.0,0.0,0.0,0.0,140.28
735,0.0,102.5,0.0,0.0,0.0,0.0,649.9000000000001,19.8,0.0,5.6,0.0,68.9,15.5,0.0,0.0,0.0,81.6
736,0.0,12.9,0.0,0.0,0.0,0.0,334.3,0.0,0.0,0.0,0.0,138.5,0.0,0.0,27.6,0.0,0.0
740,0.0,70.7,0.0,2.0,0.0,0.0,178.53,15.860000000000001,0.0,0.0,0.0,504.1,9.05,0.0,0.0,89.8,1198.1399999999999
741,0.0,1666.8799999999999,3.8,6.1,0.0,0.0,1698.5599999999997,30.8,0.0,0.0,0.0,763.0700000000002,0.0,0.0,0.0,12.1,520.0
742,0.0,1016.5999999999998,0.0,0.0,0.0,5.4,449.4,0.0,0.0,0.0,0.0,295.3,0.0,11.7,0.0,6.5,171.2
743,0.0,97.8,0.0,0.0,0.0,3.8,236.3,0.0,0.0,0.0,0.0,88.2,9.4,0.0,0.0,0.0,416.9
744,0.0,3.5,0.0,0.0,0.0,0.0,6.0,0.0,0.0,0.0,0.0,0.0,0.0,0.0,0.0,0.0,19.0
748,0.0,0.0,0.0,0.0,0.0,0.0,0.0,3.9,0.0,0.0,0.0,0.0,0.0,0.0,0.0,0.0,0.0
756,0.0,334.14,0.0,1.9,0.0,0.0,382.7,61.8,0.0,0.0,0.0,0.0,0.0,0.0,26.5,0.0,167.8
757,0.0,126.9,0.0,0.0,0.0,6.8,804.18,5.0,19.2,0.0,0.0,397.79999999999995,0.0,0.0,0.0,0.0,758.7
760,0.0,87.6,0.0,0.0,0.0,0.0,576.3000000000001,0.0,0.0,0.0,0.0,613.8000000000001,0.0,0.0,0.0,0.0,675.2999999999998
761,0.0,1312.0000000000002,10.0,3.7,0.0,0.0,3465.3600000000006,4.1,0.0,0.0,0.0,1203.7,0.0,0.0,0.0,0.0,1836.3999999999999
762,0.0,789.3999999999999,10.8,0.0,0.0,0.0,60.699999999999996,0.0,0.0,0.0,0.0,52.7,0.0,0.0,0.0,0.0,35.6
763,0.0,14.200000000000001,0.0,0.0,0.0,0.0,0.0,0.0,0.0,0.0,0.0,0.0,0.0,0.0,0.0,0.0,78.1
777,0.0,0.0,0.0,0.0,0.0,0.0,0.0,0.0,0.0,0.0,0.0,177.5,0.0,0.0,0.0,0.0,0.0
779,0.0,0.0,0.0,0.0,0.0,0.0,0.0,0.0,0.0,0.0,0.0,0.0,0.0,0.0,0.0,0.0,43.2
780,0.0,24.3,0.0,0.0,0.0,0.0,31.5,0.0,0.0,0.0,0.0,199.0,0.0,0.0,0.0,0.0,177.7
781,0.0,4.7,0.0,0.0,0.0,7.4,18.6,0.0,0.0,0.0,0.0,315.2,0.0,0.0,0.0,0.0,161.89999999999998
782,0.0,0.0,0.0,0.0,0.0,0.0,275.0,9.42,0.0,0.0,0.0,140.77,0.0,0.0,0.0,0.0,262.29999999999995
783,0.0,0.0,0.0,0.0,0.0,0.0,0.0,0.0,0.0,0.0,0.0,0.0,0.0,0.0,0.0,0.0,43.4
791,0.0,0.0,4.8,0.0,0.0,0.0,110.7,0.0,0.0,0.0,0.0,261.40000000000003,0.0,0.0,0.0,0.0,33.6
792,0.0,0.0,0.0,0.0,0.0,0.0,90.1,0.0,0.0,0.0,0.0,532.3,10.0,0.0,0.0,0.0,129.5
797,0.0,0.0,0.0,0.0,0.0,0.0,0.0,0.0,0.0,0.0,0.0,0.0,0.0,0.0,0.0,10.14,0.0
799,0.0,0.0,0.0,0.0,0.0,0.0,19.3,0.0,0.0,0.0,0.0,0.0,0.0,0.0,0.0,0.0,0.0
801,0.0,0.0,0.0,0.0,0.0,0.0,23.900000000000002,0.0,0.0,0.0,0.0,0.0,6.9,0.0,0.0,0.0,0.0
802,0.0,16.700000000000003,0.0,0.0,0.0,0.0,22.7,0.0,0.0,0.0,70.0,41.3,0.0,0.0,0.0,0.0,0.0
803,0.0,0.0,0.0,0.0,0.0,0.0,41.8,0.0,0.0,0.0,0.0,0.0,0.0,0.0,0.0,0.0,0.0
804,0.0,0.0,0.0,0.0,0.0,0.0,0.0,0.0,0.0,0.0,0.0,0.0,0.0,0.0,0.0,0.0,136.6
805,0.0,24.700000000000003,0.0,0.0,0.0,0.0,68.2,31.0,0.0,0.0,0.0,0.0,0.0,0.0,0.0,0.0,30.1
806,0.0,0.0,0.0,0.0,0.0,0.0,0.0,0.0,0.0,0.0,0.0,0.0,0.0,0.0,0.0,0.0,61.7
807,0.0,0.0,0.0,0.0,0.0,0.0,33.2,0.0,0.0,0.0,0.0,34.0,0.0,0.0,0.0,0.0,12.58
808,0.0,0.0,0.0,0.0,0.0,0.0,0.0,39.1,0.0,0.0,0.0,0.0,0.0,0.0,0.0,0.0,0.0
812,0.0,0.0,0.0,0.0,0.0,0.0,0.0,7.8,0.0,0.0,0.0,0.0,0.0,0.0,0.0,0.0,0.0
814,0.0,0.0,0.0,0.0,0.0,0.0,0.0,0.0,0.0,0.0,0.0,138.5,0.0,0.0,0.0,0.0,34.8
815,0.0,41.0,6.8,0.0,0.0,0.0,448.40000000000003,26.200000000000003,0.0,0.0,0.0,1617.55,0.0,0.0,0.0,0.0,898.8600000000001
816,0.0,0.0,0.0,0.0,0.0,0.0,327.54,0.0,0.0,0.0,0.0,1364.17,0.0,0.0,12.3,0.0,250.17999999999995
822,0.0,0.0,0.0,0.0,0.0,0.0,16.8,0.0,0.0,0.0,0.0,0.0,0.0,0.0,0.0,0.0,0.0
823,0.0,0.0,0.0,0.0,0.0,0.0,0.0,0.0,0.0,0.0,0.0,16.0,0.0,0.0,0.0,0.0,54.9
825,0.0,47.8,0.0,0.0,0.0,0.0,21.8,0.0,0.0,0.0,47.1,277.5,0.0,0.0,0.0,0.0,69.8
826,0.0,0.0,0.0,0.0,0.0,0.0,16.83,1.2,0.0,0.0,0.0,0.0,0.0,0.0,0.0,0.0,0.0
827,0.0,0.0,0.0,0.0,0.0,0.0,9.97,0.0,0.0,0.0,0.0,0.0,0.0,0.0,0.0,0.0,0.0
829,0.0,0.0,0.0,0.0,0.0,0.0,0.0,3.7,0.0,0.0,0.0,0.0,0.0,0.0,0.0,0.0,0.0
830,0.0,0.0,0.0,0.0,0.0,0.0,0.0,0.0,0.0,0.0,0.0,0.0,3.0,0.0,0.0,0.0,0.0
831,0.0,0.0,0.0,0.0,0.0,0.0,0.0,0.0,0.0,0.0,0.0,23.3,0.0,0.0,0.0,0.0,0.0
835,0.0,0.0,0.0,0.0,0.0,0.0,27.700000000000003,0.0,0.0,0.0,0.0,20.1,0.0,0.0,0.0,0.0,20.4
836,0.0,58.89999999999999,0.0,0.0,0.0,0.0,8.3,14.1,0.0,0.0,0.0,927.6,8.8,0.0,0.0,0.0,0.0
842,0.0,0.0,0.0,0.0,0.0,0.0,0.0,0.0,0.0,0.0,0.0,55.3,0.0,0.0,0.0,0.0,46.4
844,0.0,0.0,0.0,0.0,0.0,0.0,0.0,0.0,0.0,0.0,12.1,0.0,0.0,0.0,0.0,0.0,0.0
846,0.0,0.0,0.0,0.0,0.0,0.0,0.0,0.0,0.0,0.0,0.0,8.0,0.0,0.0,0.0,0.0,14.6
850,0.0,0.0,0.0,0.0,0.0,0.0,0.0,43.5,0.0,0.0,0.0,0.0,0.0,0.0,0.0,0.0,95.79
853,0.0,0.0,0.0,0.0,0.0,0.0,39.4,0.0,0.0,0.0,0.0,103.4,0.0,0.0,0.0,0.0,0.0
862,0.0,7.1,0.0,0.0,0.0,0.0,0.0,0.0,0.0,0.0,0.0,0.0,0.0,0.0,0.0,0.0,0.0
864,0.0,0.0,0.0,0.0,0.0,0.0,26.799999999999997,27.700000000000003,0.0,0.0,0.0,51.5,7.8,0.0,0.0,0.0,247.89999999999998
865,0.0,0.0,0.0,0.0,0.0,0.0,0.0,0.0,0.0,0.0,0.0,0.0,0.0,0.0,0.0,0.0,38.7
882,0.0,73.0,0.0,0.0,0.0,0.0,142.92000000000002,56.03,0.0,0.0,0.0,1518.15,0.0,0.0,0.0,23.3,840.53
883,0.0,0.0,0.0,0.0,0.0,0.0,0.0,4.5,0.0,0.0,0.0,0.0,0.0,0.0,0.0,0.0,0.0
915,0.0,0.0,0.0,0.0,0.0,0.0,0.0,0.0,0.0,0.0,0.0,90.5,0.0,0.0,0.0,0.0,0.0
928,0.0,0.0,0.0,0.0,0.0,0.0,20.01,0.0,0.0,0.0,0.0,0.0,0.0,0.0,0.0,4.3,0.0
946,0.0,0.0,0.0,0.0,0.0,0.0,0.0,5.0,0.0,0.0,0.0,0.0,0.0,0.0,0.0,0.0,0.0
979,0.0,0.0,0.0,0.0,0.0,0.0,0.0,0.0,0.0,0.0,0.0,11.2,0.0,0.0,0.0,0.0,0.0
980,0.0,0.0,0.0,0.0,0.0,0.0,59.400000000000006,0.0,0.0,0.0,0.0,0.0,0.0,0.0,0.0,0.0,0.0
1007,0.0,0.0,0.0,0.0,0.0,0.0,0.0,0.0,0.0,0.0,0.0,0.0,0.0,0.0,0.0,0.0,12.71
1030,0.0,0.0,0.0,0.0,0.0,0.0,35.5,6.5,0.0,0.0,0.0,0.0,0.0,0.0,0.0,0.0,0.0
1083,0.0,0.0,0.0,0.0,0.0,0.0,57.1,0.0,0.0,0.0,0.0,8.3,0.0,0.0,0.0,0.0,0.0
1085,0.0,0.0,0.0,0.0,0.0,0.0,9.0,0.0,0.0,0.0,0.0,0.0,0.0,0.0,0.0,0.0,0.0
1086,0.0,0.0,0.0,0.0,0.0,0.0,15.4,0.0,0.0,0.0,0.0,0.0,0.0,0.0,0.0,0.0,0.0
1108,0.0,0.0,0.0,0.0,0.0,0.0,0.0,9.8,0.0,0.0,0.0,50.9,0.0,0.0,0.0,0.0,0.0
1136,0.0,0.0,0.0,0.0,0.0,0.0,33.6,0.0,0.0,0.0,0.0,0.0,0.0,0.0,0.0,0.0,0.0
1144,0.0,0.0,0.0,0.0,0.0,0.0,38.9,0.0,0.0,0.0,0.0,0.0,0.0,0.0,0.0,0.0,0.0
1187,0.0,0.0,0.0,0.0,0.0,0.0,7.8,0.0,0.0,0.0,0.0,0.0,0.0,0.0,0.0,0.0,0.0
1205,0.0,0.0,0.0,0.0,0.0,0.0,24.8,0.0,0.0,0.0,0.0,0.0,0.0,0.0,0.0,0.0,0.0
1226,0.0,0.0,0.0,0.0,0.0,0.0,16.6,0.0,0.0,0.0,0.0,0.0,0.0,0.0,0.0,0.0,0.0
